1,10,883.63,438.15,186.89,444.27,1,-1,-1,-1
1,9,1026.76,486.96,180.39,351.09,1,-1,-1,-1
1,8,679.13,408.65,260.92,493.15,1,-1,-1,-1
1,7,1018.48,484.33,163.23,354.80,1,-1,-1,-1
1,6,1264.20,416.21,203.48,447.27,1,-1,-1,-1
1,5,1196.10,321.23,272.79,544.68,1,-1,-1,-1
1,4,1142.94,329.79,192.39,588.63,1,-1,-1,-1
1,3,679.77,418.74,253.18,479.74,1,-1,-1,-1
1,2,565.46,387.59,205.01,465.48,1,-1,-1,-1
1,1,801.33,388.14,276.73,548.91,1,-1,-1,-1
2,10,902.40,438.96,159.38,411.10,1,-1,-1,-1
2,8,669.45,386.98,273.99,513.57,1,-1,-1,-1
2,7,1013.42,484.42,178.76,355.33,1,-1,-1,-1
2,6,1260.01,384.14,205.06,482.62,1,-1,-1,-1
2,5,1187.92,314.99,283.64,555.79,1,-1,-1,-1
2,4,1145.42,339.46,187.90,578.86,1,-1,-1,-1
2,3,666.99,417.37,212.29,477.71,1,-1,-1,-1
2,2,584.70,395.92,185.58,455.42,1,-1,-1,-1
2,1,781.20,350.31,290.53,585.77,1,-1,-1,-1
3,10,893.87,439.40,173.39,423.27,1,-1,-1,-1
3,9,1012.88,487.29,190.45,351.69,1,-1,-1,-1
3,6,1282.69,423.02,198.67,444.80,1,-1,-1,-1
3,4,1115.59,318.63,251.18,601.76,1,-1,-1,-1
3,3,659.25,407.37,205.96,488.33,1,-1,-1,-1
3,2,589.65,390.32,182.27,459.17,1,-1,-1,-1
3,1,771.22,376.30,302.82,559.95,1,-1,-1,-1
4,10,878.43,443.66,189.12,435.67,1,-1,-1,-1
4,6,1288.15,343.86,226.99,527.97,1,-1,-1,-1
4,4,1110.89,370.47,259.76,548.69,1,-1,-1,-1
4,3,659.10,418.94,207.40,478.30,1,-1,-1,-1
4,2,582.36,386.04,170.17,464.45,1,-1,-1,-1
4,1,734.14,390.24,340.68,545.38,1,-1,-1,-1
5,10,847.30,444.71,226.79,485.21,1,-1,-1,-1
5,9,1016.61,491.06,161.69,351.41,1,-1,-1,-1
5,6,1289.20,349.39,262.68,527.24,1,-1,-1,-1
5,4,1133.16,368.56,237.56,555.11,1,-1,-1,-1
5,3,645.99,436.67,217.71,457.93,1,-1,-1,-1
5,2,590.71,441.87,160.25,411.27,1,-1,-1,-1
5,1,682.70,403.04,326.26,503.91,1,-1,-1,-1
6,10,864.12,450.00,205.25,420.45,1,-1,-1,-1
6,9,1018.60,495.76,155.88,347.61,1,-1,-1,-1
6,6,1294.81,350.35,269.63,528.82,1,-1,-1,-1
6,4,1133.09,366.33,248.40,561.74,1,-1,-1,-1
6,3,643.64,439.09,210.83,455.02,1,-1,-1,-1
6,2,580.45,382.30,167.98,475.57,1,-1,-1,-1
6,1,740.38,403.38,327.54,538.71,1,-1,-1,-1
7,10,765.34,403.31,295.96,543.05,1,-1,-1,-1
7,9,1020.85,498.31,147.94,347.08,1,-1,-1,-1
7,6,1293.86,338.03,265.21,545.15,1,-1,-1,-1
7,4,1122.05,341.13,255.05,588.69,1,-1,-1,-1
7,3,636.86,432.95,195.38,449.70,1,-1,-1,-1
7,2,565.43,374.81,177.98,487.70,1,-1,-1,-1
7,1,663.90,411.04,253.91,489.29,1,-1,-1,-1
8,10,776.18,409.56,285.86,538.72,1,-1,-1,-1
8,9,1021.10,496.95,157.96,353.49,1,-1,-1,-1
8,6,1283.11,332.16,326.83,551.81,1,-1,-1,-1
8,4,1124.41,352.60,253.11,578.87,1,-1,-1,-1
8,2,571.41,394.85,175.21,468.77,1,-1,-1,-1
8,1,664.90,414.88,258.36,486.57,1,-1,-1,-1
9,11,929.68,514.23,155.11,346.88,1,-1,-1,-1
8,11,932.11,476.39,151.03,360.13,1,-1,-1,-1
7,11,938.10,464.69,150.86,362.38,1,-1,-1,-1
9,10,771.67,410.50,296.51,538.79,1,-1,-1,-1
9,9,1005.26,500.11,170.72,355.17,1,-1,-1,-1
9,6,1319.33,389.31,271.68,499.48,1,-1,-1,-1
9,4,1121.30,374.05,256.72,557.25,1,-1,-1,-1
9,2,568.83,369.18,186.79,499.73,1,-1,-1,-1
9,1,661.13,422.58,257.15,480.10,1,-1,-1,-1
10,11,947.77,518.62,157.23,347.63,1,-1,-1,-1
10,10,790.22,418.68,282.60,535.02,1,-1,-1,-1
10,9,1016.60,502.52,169.68,355.66,1,-1,-1,-1
10,6,1329.74,388.74,268.32,501.03,1,-1,-1,-1
10,4,1109.65,386.91,265.36,544.33,1,-1,-1,-1
10,1,663.44,427.54,243.18,475.33,1,-1,-1,-1
11,11,919.77,490.18,176.64,382.78,1,-1,-1,-1
11,10,788.70,426.08,260.57,524.50,1,-1,-1,-1
11,9,1015.05,502.92,164.40,352.01,1,-1,-1,-1
11,6,1339.22,386.34,252.17,502.31,1,-1,-1,-1
11,4,1095.27,392.16,279.14,542.63,1,-1,-1,-1
11,1,665.75,430.39,255.35,472.51,1,-1,-1,-1
12,10,792.45,430.95,229.76,522.47,1,-1,-1,-1
12,9,1018.56,503.62,167.06,356.09,1,-1,-1,-1
12,6,1361.73,407.18,225.15,480.94,1,-1,-1,-1
12,5,1233.02,521.90,144.46,274.08,1,-1,-1,-1
11,5,1244.06,513.47,155.07,329.85,1,-1,-1,-1
10,5,1244.11,513.61,158.17,293.16,1,-1,-1,-1
12,4,1113.61,407.02,260.37,524.30,1,-1,-1,-1
12,3,585.78,473.29,168.20,385.93,1,-1,-1,-1
11,3,591.20,462.33,196.79,404.53,1,-1,-1,-1
10,3,592.83,446.17,182.08,420.77,1,-1,-1,-1
12,1,665.34,427.21,254.34,476.94,1,-1,-1,-1
13,10,792.83,436.08,215.55,517.53,1,-1,-1,-1
13,9,1016.58,507.95,161.54,350.27,1,-1,-1,-1
13,5,1245.59,524.39,135.70,268.10,1,-1,-1,-1
13,4,1109.17,412.23,262.97,519.92,1,-1,-1,-1
13,3,586.41,477.68,161.56,387.08,1,-1,-1,-1
13,1,665.40,432.39,247.59,473.36,1,-1,-1,-1
14,13,891.28,511.97,176.15,363.94,1,-1,-1,-1
13,13,893.47,506.03,176.36,366.91,1,-1,-1,-1
12,13,900.57,503.59,170.89,371.71,1,-1,-1,-1
14,10,792.63,439.83,205.66,513.85,1,-1,-1,-1
14,9,993.38,502.02,185.58,363.09,1,-1,-1,-1
14,8,656.50,440.34,180.61,462.06,1,-1,-1,-1
13,8,662.96,439.23,164.12,462.20,1,-1,-1,-1
12,8,658.69,439.53,161.74,436.17,1,-1,-1,-1
14,5,1236.19,516.75,178.65,324.86,1,-1,-1,-1
14,4,1104.07,319.34,268.60,614.56,1,-1,-1,-1
14,3,575.02,478.67,174.23,384.13,1,-1,-1,-1
14,1,658.65,433.57,233.76,473.91,1,-1,-1,-1
15,13,895.40,515.01,166.66,360.43,1,-1,-1,-1
15,10,794.84,436.47,201.52,514.78,1,-1,-1,-1
15,9,1012.26,505.56,166.03,360.26,1,-1,-1,-1
15,8,654.76,464.54,192.55,436.88,1,-1,-1,-1
15,5,1238.24,518.26,156.10,276.16,1,-1,-1,-1
15,4,1113.96,420.84,257.85,509.96,1,-1,-1,-1
15,3,586.43,492.86,156.25,365.67,1,-1,-1,-1
16,10,789.79,439.39,212.02,511.31,1,-1,-1,-1
16,9,1011.10,505.95,188.35,361.47,1,-1,-1,-1
16,8,644.49,493.33,183.92,401.95,1,-1,-1,-1
16,6,1384.80,440.22,225.98,443.49,1,-1,-1,-1
15,6,1380.64,443.41,215.57,436.78,1,-1,-1,-1
14,6,1370.60,398.11,235.30,486.02,1,-1,-1,-1
16,5,1225.42,514.27,187.17,322.05,1,-1,-1,-1
16,4,1116.36,423.28,254.28,508.73,1,-1,-1,-1
16,3,596.89,493.70,153.37,364.55,1,-1,-1,-1
17,10,787.62,437.36,200.82,514.27,1,-1,-1,-1
17,9,1009.20,505.76,191.88,358.28,1,-1,-1,-1
17,8,632.49,488.62,191.14,416.39,1,-1,-1,-1
17,6,1387.25,456.63,229.79,426.17,1,-1,-1,-1
17,5,1243.76,511.67,156.57,319.15,1,-1,-1,-1
17,4,1118.45,422.85,252.58,509.76,1,-1,-1,-1
17,3,592.50,494.11,155.52,369.67,1,-1,-1,-1
18,11,944.13,525.64,149.14,345.45,1,-1,-1,-1
17,11,894.65,523.72,180.37,351.16,1,-1,-1,-1
16,11,920.43,523.20,160.66,349.45,1,-1,-1,-1
18,10,789.34,437.53,198.40,515.29,1,-1,-1,-1
18,9,1013.13,505.94,180.75,354.45,1,-1,-1,-1
18,8,602.31,487.52,210.48,418.44,1,-1,-1,-1
18,6,1390.62,460.93,232.88,423.04,1,-1,-1,-1
18,5,1312.21,510.62,125.03,268.06,1,-1,-1,-1
18,4,1119.27,430.95,253.63,500.65,1,-1,-1,-1
18,3,595.83,494.80,154.10,373.08,1,-1,-1,-1
18,1,690.32,458.38,226.93,449.58,1,-1,-1,-1
17,1,688.88,459.65,234.51,451.97,1,-1,-1,-1
16,1,699.57,449.97,223.38,460.58,1,-1,-1,-1
19,11,923.60,526.39,155.49,351.10,1,-1,-1,-1
19,10,798.47,441.20,202.55,513.51,1,-1,-1,-1
19,9,1029.78,506.24,160.77,355.54,1,-1,-1,-1
19,8,594.52,491.59,213.00,417.11,1,-1,-1,-1
19,6,1452.67,468.07,180.36,410.42,1,-1,-1,-1
19,4,1121.27,432.38,247.00,498.65,1,-1,-1,-1
19,3,593.68,494.68,162.92,387.58,1,-1,-1,-1
19,1,708.25,462.18,209.25,442.78,1,-1,-1,-1
20,13,792.84,442.81,275.39,520.30,1,-1,-1,-1
19,13,863.80,523.50,205.09,386.24,1,-1,-1,-1
18,13,883.69,525.47,177.60,350.53,1,-1,-1,-1
20,11,866.76,522.35,224.78,448.41,1,-1,-1,-1
20,10,792.41,440.09,224.10,516.77,1,-1,-1,-1
20,9,1019.86,504.75,169.77,351.30,1,-1,-1,-1
20,8,589.52,485.44,207.29,425.78,1,-1,-1,-1
20,4,1119.30,434.95,251.81,498.47,1,-1,-1,-1
20,1,729.98,499.83,178.10,402.75,1,-1,-1,-1
21,14,1392.41,468.41,240.85,414.19,1,-1,-1,-1
20,14,1394.91,465.10,231.95,417.96,1,-1,-1,-1
19,14,1392.43,461.07,229.90,425.20,1,-1,-1,-1
21,13,845.48,518.76,263.93,475.43,1,-1,-1,-1
21,11,889.63,522.64,200.62,365.15,1,-1,-1,-1
21,10,788.58,442.76,328.70,552.44,1,-1,-1,-1
21,9,1017.96,502.82,175.61,361.41,1,-1,-1,-1
21,8,588.20,480.99,213.04,434.83,1,-1,-1,-1
21,4,1117.48,435.00,256.72,499.13,1,-1,-1,-1
22,14,1388.72,470.93,238.10,413.45,1,-1,-1,-1
22,11,887.97,521.01,194.23,367.11,1,-1,-1,-1
22,10,785.39,439.00,370.66,622.82,1,-1,-1,-1
22,9,1019.05,504.79,172.34,357.21,1,-1,-1,-1
22,8,585.91,481.80,209.94,437.40,1,-1,-1,-1
22,5,1292.23,511.07,140.84,324.65,1,-1,-1,-1
21,5,1281.95,511.98,165.51,323.74,1,-1,-1,-1
20,5,1277.29,489.52,151.12,345.46,1,-1,-1,-1
22,4,1120.74,433.91,268.51,500.80,1,-1,-1,-1
23,14,1376.63,473.63,237.37,411.12,1,-1,-1,-1
23,11,893.99,516.90,189.50,370.00,1,-1,-1,-1
23,10,786.42,437.51,383.74,613.28,1,-1,-1,-1
23,9,1019.92,503.37,173.03,356.43,1,-1,-1,-1
23,8,582.96,479.36,209.45,444.71,1,-1,-1,-1
23,5,1291.05,513.15,145.15,335.39,1,-1,-1,-1
23,4,1121.26,430.49,293.30,504.89,1,-1,-1,-1
24,15,717.23,437.72,277.40,487.75,1,-1,-1,-1
23,15,725.81,439.16,262.79,483.18,1,-1,-1,-1
22,15,722.53,440.02,270.31,483.99,1,-1,-1,-1
24,14,1373.36,475.17,216.60,411.90,1,-1,-1,-1
24,11,898.40,511.00,184.29,370.56,1,-1,-1,-1
24,10,781.80,432.90,394.76,601.37,1,-1,-1,-1
24,9,1024.53,497.86,163.13,355.25,1,-1,-1,-1
24,8,580.37,449.21,219.87,470.68,1,-1,-1,-1
24,5,1281.51,510.77,161.20,344.67,1,-1,-1,-1
24,4,1121.31,426.71,284.58,509.28,1,-1,-1,-1
25,14,1378.37,474.59,217.20,411.96,1,-1,-1,-1
25,11,906.09,506.61,177.83,371.15,1,-1,-1,-1
25,10,763.86,447.46,425.88,584.20,1,-1,-1,-1
25,9,1026.06,494.07,156.55,356.65,1,-1,-1,-1
25,8,574.61,432.71,227.94,480.84,1,-1,-1,-1
25,5,1265.47,507.80,177.85,347.71,1,-1,-1,-1
25,4,1119.47,424.42,271.32,511.44,1,-1,-1,-1
26,14,1378.92,473.88,214.92,411.83,1,-1,-1,-1
26,12,622.47,448.15,211.62,470.27,1,-1,-1,-1
25,12,585.52,431.67,222.43,489.21,1,-1,-1,-1
24,12,579.35,465.99,206.10,415.05,1,-1,-1,-1
26,11,906.73,505.60,184.32,375.13,1,-1,-1,-1
26,10,757.21,443.14,447.90,583.39,1,-1,-1,-1
26,9,1025.74,491.32,163.56,358.93,1,-1,-1,-1
26,8,576.55,466.42,195.58,401.45,1,-1,-1,-1
26,4,1121.63,423.33,270.71,512.27,1,-1,-1,-1
27,12,588.67,444.14,226.40,477.16,1,-1,-1,-1
27,11,900.61,498.25,189.78,387.06,1,-1,-1,-1
27,10,718.96,446.26,491.11,579.05,1,-1,-1,-1
27,9,1024.00,487.43,166.30,363.38,1,-1,-1,-1
27,8,577.78,466.23,185.13,409.87,1,-1,-1,-1
28,15,704.30,416.27,296.18,525.45,1,-1,-1,-1
27,15,704.51,421.37,303.63,529.95,1,-1,-1,-1
26,15,702.01,426.16,298.74,517.29,1,-1,-1,-1
28,12,574.22,434.48,245.78,483.11,1,-1,-1,-1
28,11,911.79,479.81,183.26,395.60,1,-1,-1,-1
28,10,745.86,434.93,473.50,581.25,1,-1,-1,-1
28,9,1028.89,475.74,165.09,375.77,1,-1,-1,-1
28,7,1119.88,414.79,428.16,526.25,1,-1,-1,-1
27,7,1122.97,420.81,432.80,511.36,1,-1,-1,-1
26,7,1120.05,425.94,385.51,505.66,1,-1,-1,-1
29,15,700.44,411.06,301.49,539.29,1,-1,-1,-1
29,12,611.85,428.63,225.19,484.79,1,-1,-1,-1
29,11,907.39,472.81,195.74,401.66,1,-1,-1,-1
29,10,724.38,431.47,495.20,583.98,1,-1,-1,-1
29,9,1029.11,469.92,162.96,379.92,1,-1,-1,-1
29,7,1108.13,407.34,417.63,537.97,1,-1,-1,-1
29,6,1387.54,475.35,344.46,414.15,1,-1,-1,-1
28,6,1386.34,479.72,328.32,408.76,1,-1,-1,-1
27,6,1381.79,475.31,325.87,416.08,1,-1,-1,-1
30,15,695.00,403.00,312.67,535.77,1,-1,-1,-1
30,14,1387.99,478.67,230.15,410.87,1,-1,-1,-1
29,14,1385.15,479.88,237.92,409.02,1,-1,-1,-1
28,14,1387.29,478.41,219.30,412.08,1,-1,-1,-1
30,11,919.27,464.44,187.56,404.02,1,-1,-1,-1
30,10,746.29,420.23,470.31,582.97,1,-1,-1,-1
30,9,1034.11,463.79,157.77,382.99,1,-1,-1,-1
30,7,1113.27,403.57,411.55,540.54,1,-1,-1,-1
30,6,1389.66,471.67,345.87,417.18,1,-1,-1,-1
31,15,695.88,387.83,320.96,559.56,1,-1,-1,-1
31,14,1387.86,469.32,221.11,420.71,1,-1,-1,-1
31,11,919.37,461.26,181.03,403.15,1,-1,-1,-1
31,10,749.49,409.56,444.08,596.54,1,-1,-1,-1
31,9,1034.98,460.70,149.03,386.74,1,-1,-1,-1
31,7,1119.70,396.14,389.86,552.53,1,-1,-1,-1
31,6,1384.60,461.95,338.34,422.14,1,-1,-1,-1
31,2,575.35,428.98,200.40,490.61,1,-1,-1,-1
30,2,575.89,424.93,229.87,495.63,1,-1,-1,-1
29,2,578.41,429.61,245.81,493.00,1,-1,-1,-1
32,15,671.70,406.62,262.89,507.44,1,-1,-1,-1
32,14,1385.19,448.02,241.35,442.14,1,-1,-1,-1
32,11,913.79,443.29,184.60,408.96,1,-1,-1,-1
32,10,752.86,363.87,391.19,620.14,1,-1,-1,-1
32,9,1034.61,458.91,152.11,383.03,1,-1,-1,-1
32,7,1126.89,386.62,341.08,565.99,1,-1,-1,-1
32,6,1386.94,441.12,319.52,449.37,1,-1,-1,-1
32,2,574.01,409.39,206.56,510.04,1,-1,-1,-1
33,15,670.82,414.50,257.04,498.23,1,-1,-1,-1
33,11,913.51,438.01,194.88,414.18,1,-1,-1,-1
33,10,779.35,353.36,330.48,626.67,1,-1,-1,-1
33,9,1042.60,451.49,153.20,389.79,1,-1,-1,-1
33,7,1125.35,382.50,307.58,569.06,1,-1,-1,-1
33,6,1388.92,444.73,305.98,446.64,1,-1,-1,-1
33,2,571.47,406.06,224.74,512.00,1,-1,-1,-1
34,15,669.85,414.70,269.13,498.78,1,-1,-1,-1
34,11,914.98,429.43,217.93,423.48,1,-1,-1,-1
34,10,712.30,342.15,421.27,620.56,1,-1,-1,-1
34,9,1041.64,447.36,148.33,388.46,1,-1,-1,-1
34,7,1125.20,382.12,284.84,561.84,1,-1,-1,-1
34,6,1392.65,452.48,287.73,445.42,1,-1,-1,-1
34,2,565.14,410.71,225.12,503.70,1,-1,-1,-1
35,15,664.34,411.78,254.50,502.39,1,-1,-1,-1
35,11,892.26,417.56,249.42,461.22,1,-1,-1,-1
35,10,765.64,334.83,313.35,632.30,1,-1,-1,-1
35,9,1030.85,445.04,161.15,394.70,1,-1,-1,-1
35,7,1124.56,374.82,290.80,571.02,1,-1,-1,-1
35,6,1392.52,447.49,268.40,445.80,1,-1,-1,-1
35,4,1246.11,492.11,204.61,413.30,1,-1,-1,-1
34,4,1238.13,488.75,200.25,432.03,1,-1,-1,-1
33,4,1228.84,481.96,220.54,451.05,1,-1,-1,-1
35,2,552.83,386.69,226.91,524.24,1,-1,-1,-1
36,11,907.56,407.62,246.31,482.40,1,-1,-1,-1
36,10,771.38,330.88,261.21,638.14,1,-1,-1,-1
36,9,1005.90,444.96,192.28,398.21,1,-1,-1,-1
36,7,1124.68,361.63,284.89,589.36,1,-1,-1,-1
36,6,1397.12,439.66,256.20,456.72,1,-1,-1,-1
36,4,1276.96,497.65,156.79,375.08,1,-1,-1,-1
36,2,536.38,376.00,272.55,509.93,1,-1,-1,-1
37,12,633.77,397.62,222.23,518.29,1,-1,-1,-1
36,12,627.90,395.27,223.20,519.42,1,-1,-1,-1
35,12,643.75,404.79,204.87,505.94,1,-1,-1,-1
37,11,910.33,402.84,235.70,479.18,1,-1,-1,-1
37,10,762.31,334.35,289.64,636.88,1,-1,-1,-1
37,9,933.82,411.81,263.71,478.37,1,-1,-1,-1
37,7,1093.29,357.48,318.20,597.65,1,-1,-1,-1
37,4,1290.89,506.20,144.99,350.23,1,-1,-1,-1
37,2,524.36,379.32,237.63,490.26,1,-1,-1,-1
38,12,623.26,376.05,229.01,541.10,1,-1,-1,-1
38,10,764.49,329.08,265.34,643.77,1,-1,-1,-1
38,9,951.63,404.67,237.66,484.37,1,-1,-1,-1
38,7,1108.24,351.71,299.16,598.89,1,-1,-1,-1
38,4,1271.75,482.77,171.65,356.37,1,-1,-1,-1
39,14,1398.89,427.23,213.43,469.22,1,-1,-1,-1
38,14,1399.52,431.38,212.14,464.20,1,-1,-1,-1
37,14,1398.08,435.87,211.90,459.05,1,-1,-1,-1
39,13,834.45,384.99,242.47,530.88,1,-1,-1,-1
38,13,851.69,396.11,240.65,517.06,1,-1,-1,-1
37,13,846.96,397.12,277.18,497.27,1,-1,-1,-1
39,12,617.02,371.26,225.75,548.77,1,-1,-1,-1
39,10,766.76,309.42,281.64,663.61,1,-1,-1,-1
39,9,970.99,444.67,208.64,415.79,1,-1,-1,-1
39,7,1060.42,346.33,360.47,606.61,1,-1,-1,-1
39,4,1248.03,430.40,192.88,408.25,1,-1,-1,-1
40,14,1394.19,414.40,229.56,483.36,1,-1,-1,-1
40,12,597.36,361.51,245.92,562.14,1,-1,-1,-1
40,10,765.56,268.50,402.30,710.73,1,-1,-1,-1
40,9,1012.43,366.96,198.54,486.88,1,-1,-1,-1
40,8,533.28,376.36,142.46,383.51,1,-1,-1,-1
39,8,532.93,444.55,180.03,418.98,1,-1,-1,-1
38,8,531.06,437.67,189.52,431.16,1,-1,-1,-1
40,7,1117.84,331.52,314.19,622.77,1,-1,-1,-1
40,4,1225.35,335.66,218.58,505.12,1,-1,-1,-1
41,14,1389.05,400.36,221.17,497.68,1,-1,-1,-1
41,12,630.00,363.01,205.75,557.64,1,-1,-1,-1
41,10,762.82,258.65,316.00,722.05,1,-1,-1,-1
41,9,1018.36,371.20,186.43,478.36,1,-1,-1,-1
41,7,1115.10,331.75,320.00,618.44,1,-1,-1,-1
41,2,561.65,360.59,266.93,560.02,1,-1,-1,-1
40,2,573.91,373.56,189.25,501.42,1,-1,-1,-1
39,2,568.78,418.94,201.47,450.01,1,-1,-1,-1
42,14,1391.91,383.96,229.28,516.68,1,-1,-1,-1
42,10,762.50,246.86,356.15,739.06,1,-1,-1,-1
42,9,1012.79,374.95,168.31,477.32,1,-1,-1,-1
42,7,1116.08,320.55,322.03,629.22,1,-1,-1,-1
43,14,1369.56,322.42,241.27,579.77,1,-1,-1,-1
43,10,765.41,237.71,331.34,748.53,1,-1,-1,-1
43,9,1023.52,380.60,174.30,472.29,1,-1,-1,-1
43,7,1117.40,308.66,331.75,640.49,1,-1,-1,-1
44,14,1349.89,289.50,260.75,616.00,1,-1,-1,-1
44,10,763.76,286.84,314.21,699.86,1,-1,-1,-1
44,9,1033.56,449.92,134.57,403.38,1,-1,-1,-1
44,7,1120.70,290.86,337.39,660.62,1,-1,-1,-1
44,4,1270.84,457.05,176.23,387.08,1,-1,-1,-1
43,4,1260.83,343.60,186.38,500.64,1,-1,-1,-1
42,4,1264.02,348.53,177.26,495.51,1,-1,-1,-1
45,14,1339.84,263.32,278.13,641.40,1,-1,-1,-1
45,13,864.62,388.74,223.26,522.62,1,-1,-1,-1
44,13,864.21,400.77,220.73,514.23,1,-1,-1,-1
43,13,852.06,353.74,234.45,566.59,1,-1,-1,-1
45,10,759.12,291.46,317.30,696.02,1,-1,-1,-1
45,9,1030.67,454.38,140.21,398.99,1,-1,-1,-1
45,7,1121.87,272.48,310.36,678.35,1,-1,-1,-1
45,4,1267.80,484.85,146.53,360.07,1,-1,-1,-1
46,14,1341.71,276.19,298.94,629.43,1,-1,-1,-1
46,13,851.75,373.20,245.47,545.58,1,-1,-1,-1
46,12,524.23,339.49,320.08,579.93,1,-1,-1,-1
45,12,520.86,314.47,324.00,609.17,1,-1,-1,-1
44,12,618.20,347.39,225.69,577.99,1,-1,-1,-1
46,10,757.06,229.61,308.81,758.84,1,-1,-1,-1
46,9,1011.79,447.58,157.42,411.04,1,-1,-1,-1
46,7,1122.25,256.22,326.45,695.34,1,-1,-1,-1
47,12,527.46,313.85,318.73,604.03,1,-1,-1,-1
47,10,748.98,231.21,321.61,756.22,1,-1,-1,-1
47,9,1020.07,446.43,147.18,410.95,1,-1,-1,-1
47,7,1118.30,237.50,436.76,713.90,1,-1,-1,-1
48,12,526.24,309.63,323.49,606.34,1,-1,-1,-1
48,10,765.14,249.61,296.44,741.18,1,-1,-1,-1
48,9,1017.60,417.36,148.65,439.70,1,-1,-1,-1
48,7,1118.32,222.05,453.00,725.87,1,-1,-1,-1
49,11,865.74,306.52,239.20,620.96,1,-1,-1,-1
48,11,867.28,330.11,232.71,591.51,1,-1,-1,-1
47,11,863.72,385.51,236.16,535.74,1,-1,-1,-1
49,10,758.61,272.97,326.81,715.11,1,-1,-1,-1
49,9,1027.60,439.81,143.24,417.15,1,-1,-1,-1
49,7,1116.88,232.59,519.06,713.64,1,-1,-1,-1
49,6,1331.20,396.19,404.77,507.50,1,-1,-1,-1
48,6,1328.15,373.24,406.05,530.29,1,-1,-1,-1
47,6,1389.72,364.74,222.52,535.73,1,-1,-1,-1
50,11,878.60,376.02,232.46,535.32,1,-1,-1,-1
50,10,746.31,259.14,317.97,731.78,1,-1,-1,-1
50,9,1030.86,426.45,141.42,434.96,1,-1,-1,-1
50,7,1121.85,267.62,394.55,677.50,1,-1,-1,-1
50,6,1395.94,376.92,342.87,526.51,1,-1,-1,-1
51,15,633.19,356.14,219.94,561.51,1,-1,-1,-1
50,15,605.30,363.31,248.39,559.44,1,-1,-1,-1
49,15,598.40,353.78,249.65,568.65,1,-1,-1,-1
51,11,871.17,382.14,253.64,527.67,1,-1,-1,-1
51,10,752.15,294.22,330.42,689.96,1,-1,-1,-1
51,9,1021.95,457.34,150.68,404.43,1,-1,-1,-1
51,7,1121.54,227.73,396.54,715.15,1,-1,-1,-1
51,6,1361.77,376.18,386.92,528.31,1,-1,-1,-1
52,11,925.12,437.71,187.59,452.92,1,-1,-1,-1
52,10,744.43,299.28,333.90,681.06,1,-1,-1,-1
52,9,1013.77,462.46,160.87,402.06,1,-1,-1,-1
52,7,1121.20,254.76,355.08,689.51,1,-1,-1,-1
52,6,1372.00,360.93,348.78,545.85,1,-1,-1,-1
52,4,1270.37,417.74,154.63,423.82,1,-1,-1,-1
51,4,1274.29,424.80,174.65,416.63,1,-1,-1,-1
50,4,1272.22,436.64,173.68,405.21,1,-1,-1,-1
53,12,548.32,354.21,305.61,559.95,1,-1,-1,-1
52,12,539.03,389.62,306.07,516.50,1,-1,-1,-1
51,12,529.52,365.31,324.75,547.67,1,-1,-1,-1
53,10,718.90,268.36,339.20,710.32,1,-1,-1,-1
53,9,1003.88,466.71,174.36,395.91,1,-1,-1,-1
53,7,1116.06,247.74,351.69,702.28,1,-1,-1,-1
53,6,1351.58,345.43,377.53,561.52,1,-1,-1,-1
53,4,1255.32,396.56,164.04,448.41,1,-1,-1,-1
54,13,901.35,334.38,182.13,568.10,1,-1,-1,-1
53,13,877.88,378.78,204.86,524.49,1,-1,-1,-1
52,13,878.09,423.51,210.43,481.45,1,-1,-1,-1
54,12,719.37,353.12,221.47,562.13,1,-1,-1,-1
54,10,727.69,297.59,317.63,677.23,1,-1,-1,-1
54,9,1010.18,468.38,166.41,392.99,1,-1,-1,-1
54,7,1097.53,232.88,333.52,720.97,1,-1,-1,-1
54,6,1349.78,349.20,361.02,557.91,1,-1,-1,-1
54,4,1248.93,393.53,153.59,453.76,1,-1,-1,-1
54,2,566.30,382.19,192.86,482.61,1,-1,-1,-1
53,2,551.74,394.54,212.23,470.13,1,-1,-1,-1
52,2,541.83,427.02,225.17,437.39,1,-1,-1,-1
55,13,895.60,379.48,191.08,523.94,1,-1,-1,-1
55,10,797.58,317.59,247.57,655.77,1,-1,-1,-1
55,9,999.48,476.00,186.79,384.36,1,-1,-1,-1
55,7,1072.24,226.42,334.40,728.96,1,-1,-1,-1
55,6,1319.55,345.14,359.11,561.55,1,-1,-1,-1
55,4,1231.70,399.26,168.27,444.12,1,-1,-1,-1
55,2,570.12,390.32,193.34,472.81,1,-1,-1,-1
56,15,649.34,383.22,249.10,540.49,1,-1,-1,-1
55,15,647.42,380.67,216.16,541.38,1,-1,-1,-1
54,15,646.85,371.78,215.43,550.94,1,-1,-1,-1
56,10,790.50,345.07,284.74,628.46,1,-1,-1,-1
56,9,1027.50,483.76,159.01,373.74,1,-1,-1,-1
56,7,1067.26,215.66,315.43,740.01,1,-1,-1,-1
56,6,1299.20,330.62,327.97,572.91,1,-1,-1,-1
56,4,1225.81,477.55,169.56,369.59,1,-1,-1,-1
56,2,599.68,397.21,168.90,465.46,1,-1,-1,-1
57,15,644.16,388.08,243.08,535.59,1,-1,-1,-1
57,10,776.98,360.18,302.67,612.28,1,-1,-1,-1
57,9,1033.95,485.86,150.93,370.54,1,-1,-1,-1
57,7,1067.18,217.09,311.72,739.79,1,-1,-1,-1
57,6,1285.97,313.28,319.97,588.91,1,-1,-1,-1
57,4,1220.85,497.94,172.76,346.71,1,-1,-1,-1
57,2,600.66,398.70,167.15,459.68,1,-1,-1,-1
58,17,1122.73,486.47,120.46,351.60,1,-1,-1,-1
57,17,1106.22,488.72,142.70,353.15,1,-1,-1,-1
56,17,1106.61,489.17,155.21,364.85,1,-1,-1,-1
58,15,642.53,402.97,236.89,520.08,1,-1,-1,-1
58,10,769.31,358.83,300.44,611.14,1,-1,-1,-1
58,9,1036.02,486.60,141.69,369.02,1,-1,-1,-1
58,7,1140.33,296.33,232.82,657.08,1,-1,-1,-1
58,6,1289.63,340.95,314.65,558.94,1,-1,-1,-1
58,4,1225.96,493.12,168.96,352.39,1,-1,-1,-1
58,2,602.78,394.26,190.89,469.51,1,-1,-1,-1
59,17,1123.42,500.85,120.64,332.20,1,-1,-1,-1
59,15,645.85,404.98,214.86,513.41,1,-1,-1,-1
59,10,764.19,366.61,314.89,600.38,1,-1,-1,-1
59,9,1030.00,495.75,145.96,360.33,1,-1,-1,-1
59,7,1135.57,217.07,240.04,740.74,1,-1,-1,-1
59,6,1283.18,355.95,312.84,543.48,1,-1,-1,-1
59,4,1226.60,471.92,169.12,373.06,1,-1,-1,-1
59,2,602.40,405.34,182.31,458.39,1,-1,-1,-1
60,17,1122.60,503.74,120.88,342.43,1,-1,-1,-1
60,15,645.67,420.07,209.39,499.64,1,-1,-1,-1
60,10,767.20,382.43,356.23,593.30,1,-1,-1,-1
60,9,1033.64,501.89,137.39,354.37,1,-1,-1,-1
60,7,1144.03,234.70,231.02,718.65,1,-1,-1,-1
60,6,1283.38,387.99,309.82,511.35,1,-1,-1,-1
60,4,1237.58,465.59,154.31,378.38,1,-1,-1,-1
60,2,603.57,424.99,156.64,429.03,1,-1,-1,-1
61,17,1126.09,506.54,117.97,334.58,1,-1,-1,-1
61,15,642.79,417.93,220.68,497.32,1,-1,-1,-1
61,10,748.47,387.06,304.15,583.79,1,-1,-1,-1
61,9,1033.14,503.79,139.93,352.05,1,-1,-1,-1
61,7,1124.76,341.21,250.81,608.72,1,-1,-1,-1
61,6,1285.81,417.89,306.25,480.67,1,-1,-1,-1
61,4,1249.01,472.34,141.43,370.81,1,-1,-1,-1
61,2,603.30,434.79,157.98,423.36,1,-1,-1,-1
62,17,1126.13,505.71,129.00,340.96,1,-1,-1,-1
62,15,648.36,421.12,226.70,495.18,1,-1,-1,-1
62,13,847.28,481.03,215.33,459.47,1,-1,-1,-1
61,13,852.67,466.80,219.68,479.19,1,-1,-1,-1
60,13,865.75,461.79,215.79,456.59,1,-1,-1,-1
62,11,935.62,491.44,141.12,398.74,1,-1,-1,-1
61,11,916.88,474.62,172.30,428.31,1,-1,-1,-1
60,11,915.61,467.62,169.43,423.82,1,-1,-1,-1
62,10,656.12,401.19,393.54,569.94,1,-1,-1,-1
62,9,1038.68,515.12,129.80,340.54,1,-1,-1,-1
62,7,1119.15,294.40,260.20,656.05,1,-1,-1,-1
62,6,1266.96,431.82,326.15,466.88,1,-1,-1,-1
62,2,602.95,424.47,172.83,434.57,1,-1,-1,-1
63,17,1123.49,516.89,130.06,323.82,1,-1,-1,-1
63,15,648.53,436.03,233.11,475.81,1,-1,-1,-1
63,13,837.83,490.01,222.35,449.33,1,-1,-1,-1
63,11,934.31,498.81,148.87,394.21,1,-1,-1,-1
63,10,663.06,412.95,385.46,557.45,1,-1,-1,-1
63,9,1040.94,518.06,125.21,335.18,1,-1,-1,-1
63,7,1102.84,341.52,280.94,608.29,1,-1,-1,-1
63,6,1275.91,436.18,317.64,462.24,1,-1,-1,-1
63,2,602.24,441.00,169.07,416.24,1,-1,-1,-1
64,17,1034.95,502.14,147.30,350.87,1,-1,-1,-1
64,15,662.03,506.72,227.67,405.81,1,-1,-1,-1
64,11,920.01,502.05,176.17,389.78,1,-1,-1,-1
64,10,727.76,430.81,322.46,544.13,1,-1,-1,-1
64,9,1028.32,506.87,142.76,348.01,1,-1,-1,-1
64,7,1070.53,363.96,312.97,587.20,1,-1,-1,-1
64,6,1279.97,443.93,316.00,452.20,1,-1,-1,-1
64,2,599.82,445.54,182.30,413.56,1,-1,-1,-1
65,17,1044.60,492.52,138.27,361.02,1,-1,-1,-1
65,15,662.28,526.49,229.41,384.52,1,-1,-1,-1
65,11,942.05,500.87,147.16,386.48,1,-1,-1,-1
65,10,743.23,440.39,308.04,533.35,1,-1,-1,-1
65,7,1051.00,364.92,332.60,583.43,1,-1,-1,-1
65,6,1272.41,446.98,320.76,447.30,1,-1,-1,-1
65,2,594.96,451.38,194.45,408.39,1,-1,-1,-1
66,17,1044.00,484.39,154.24,368.95,1,-1,-1,-1
66,15,659.58,524.35,229.11,385.94,1,-1,-1,-1
66,11,951.30,501.88,149.61,384.10,1,-1,-1,-1
66,10,733.94,447.61,318.56,524.95,1,-1,-1,-1
66,7,1053.20,371.06,335.38,580.86,1,-1,-1,-1
66,6,1302.62,453.95,289.08,439.69,1,-1,-1,-1
66,2,593.50,444.92,201.90,418.48,1,-1,-1,-1
67,17,1040.21,518.59,140.34,333.16,1,-1,-1,-1
67,15,662.02,510.44,214.56,401.47,1,-1,-1,-1
67,11,956.72,504.16,144.46,378.20,1,-1,-1,-1
67,10,782.70,450.05,275.51,517.43,1,-1,-1,-1
67,7,1078.13,374.94,302.71,576.86,1,-1,-1,-1
67,6,1296.83,456.16,295.64,437.81,1,-1,-1,-1
67,2,593.51,453.49,183.63,408.80,1,-1,-1,-1
68,17,1040.80,507.73,140.04,343.27,1,-1,-1,-1
68,15,661.24,524.84,219.40,384.34,1,-1,-1,-1
68,11,955.86,504.41,159.61,378.85,1,-1,-1,-1
68,10,801.46,459.31,279.84,503.16,1,-1,-1,-1
68,7,1112.50,389.50,263.98,566.47,1,-1,-1,-1
68,6,1313.04,461.97,274.08,431.43,1,-1,-1,-1
68,4,1235.37,514.37,149.12,325.02,1,-1,-1,-1
67,4,1211.02,514.05,177.70,328.92,1,-1,-1,-1
66,4,1214.88,518.48,172.89,319.87,1,-1,-1,-1
68,2,592.17,460.44,208.23,410.03,1,-1,-1,-1
69,17,1029.87,505.93,155.01,342.87,1,-1,-1,-1
69,15,661.79,491.36,226.90,419.82,1,-1,-1,-1
69,12,660.01,481.08,177.72,428.21,1,-1,-1,-1
68,12,660.82,506.83,167.09,401.32,1,-1,-1,-1
67,12,659.54,478.44,201.15,432.81,1,-1,-1,-1
69,11,947.08,502.94,166.45,377.19,1,-1,-1,-1
69,10,785.15,459.22,299.54,501.13,1,-1,-1,-1
69,7,1104.44,395.33,270.50,563.03,1,-1,-1,-1
69,6,1322.01,462.74,264.19,427.15,1,-1,-1,-1
69,4,1233.28,511.87,154.39,329.58,1,-1,-1,-1
69,2,591.61,478.46,174.35,387.69,1,-1,-1,-1
70,17,1037.31,505.11,137.00,342.71,1,-1,-1,-1
70,15,662.43,512.89,218.13,395.64,1,-1,-1,-1
70,11,946.28,503.80,158.87,377.67,1,-1,-1,-1
70,10,770.34,462.51,307.46,494.04,1,-1,-1,-1
70,7,1100.97,402.21,273.07,549.22,1,-1,-1,-1
70,6,1336.53,462.01,243.76,424.80,1,-1,-1,-1
70,4,1243.02,512.70,138.32,325.68,1,-1,-1,-1
70,2,589.41,481.22,221.84,396.49,1,-1,-1,-1
71,17,1025.36,501.26,142.30,355.92,1,-1,-1,-1
71,15,666.32,505.61,218.08,402.83,1,-1,-1,-1
71,11,946.66,504.22,145.88,373.63,1,-1,-1,-1
71,10,772.82,460.95,294.40,493.19,1,-1,-1,-1
71,7,1086.61,410.63,293.45,538.90,1,-1,-1,-1
71,6,1357.54,465.41,215.96,421.49,1,-1,-1,-1
71,4,1239.21,512.89,150.31,325.11,1,-1,-1,-1
71,2,590.87,491.32,218.62,376.23,1,-1,-1,-1
72,17,1012.44,496.91,163.65,369.76,1,-1,-1,-1
72,15,677.98,521.62,215.09,388.51,1,-1,-1,-1
72,11,944.75,505.39,148.88,371.94,1,-1,-1,-1
72,10,805.88,460.51,237.18,494.39,1,-1,-1,-1
72,7,1090.05,420.42,311.71,527.03,1,-1,-1,-1
72,6,1371.74,470.21,197.92,419.51,1,-1,-1,-1
72,4,1240.60,510.90,171.63,329.97,1,-1,-1,-1
72,2,585.49,503.30,200.58,361.54,1,-1,-1,-1
73,17,1016.72,494.32,159.03,361.26,1,-1,-1,-1
73,15,678.70,523.96,229.77,387.08,1,-1,-1,-1
73,11,937.75,505.81,155.22,375.86,1,-1,-1,-1
73,9,1098.18,511.83,177.33,329.88,1,-1,-1,-1
72,9,1091.70,511.86,182.11,330.36,1,-1,-1,-1
71,9,1090.97,513.78,155.49,327.88,1,-1,-1,-1
73,7,1097.58,430.51,281.10,509.54,1,-1,-1,-1
73,6,1367.77,469.20,204.78,423.96,1,-1,-1,-1
73,4,1235.89,509.46,205.94,335.66,1,-1,-1,-1
73,2,590.06,508.66,208.52,351.08,1,-1,-1,-1
74,17,1016.41,492.62,179.51,357.25,1,-1,-1,-1
74,15,677.95,517.06,224.68,394.46,1,-1,-1,-1
74,11,927.82,504.44,173.51,384.49,1,-1,-1,-1
74,7,1099.71,434.85,271.49,505.66,1,-1,-1,-1
74,6,1367.74,472.33,203.19,417.69,1,-1,-1,-1
74,4,1236.28,510.24,195.77,339.60,1,-1,-1,-1
74,2,589.14,508.68,213.06,350.82,1,-1,-1,-1
75,17,1012.62,491.46,188.92,356.18,1,-1,-1,-1
75,15,660.48,494.01,254.40,417.77,1,-1,-1,-1
75,11,923.96,504.97,175.20,380.84,1,-1,-1,-1
75,7,1085.48,436.56,285.70,503.92,1,-1,-1,-1
75,6,1300.35,469.91,274.67,423.38,1,-1,-1,-1
75,4,1231.16,510.72,191.14,342.84,1,-1,-1,-1
75,2,591.38,507.11,204.15,350.90,1,-1,-1,-1
76,17,1012.11,486.74,199.56,362.14,1,-1,-1,-1
76,15,656.52,481.33,263.22,431.80,1,-1,-1,-1
76,11,929.89,502.55,176.72,368.68,1,-1,-1,-1
76,10,661.44,428.19,432.79,516.88,1,-1,-1,-1
75,10,783.08,446.31,304.40,496.76,1,-1,-1,-1
74,10,796.25,455.77,252.49,498.51,1,-1,-1,-1
76,7,1093.55,443.46,272.19,492.59,1,-1,-1,-1
76,6,1296.59,461.93,277.81,429.99,1,-1,-1,-1
76,4,1215.30,511.28,223.84,338.20,1,-1,-1,-1
76,2,591.60,498.51,211.72,361.15,1,-1,-1,-1
77,17,1014.93,485.41,190.28,362.75,1,-1,-1,-1
77,15,657.63,477.56,279.60,438.12,1,-1,-1,-1
77,12,641.34,490.05,203.78,402.18,1,-1,-1,-1
76,12,638.80,498.48,205.93,398.40,1,-1,-1,-1
75,12,645.17,512.92,183.63,370.22,1,-1,-1,-1
77,11,920.73,498.84,192.50,385.19,1,-1,-1,-1
77,10,663.47,418.98,447.08,524.77,1,-1,-1,-1
77,7,1098.37,443.71,264.70,490.46,1,-1,-1,-1
77,6,1310.54,463.91,270.01,425.60,1,-1,-1,-1
77,4,1215.63,512.16,207.25,335.45,1,-1,-1,-1
77,2,592.58,493.02,209.35,365.23,1,-1,-1,-1
78,17,1007.77,483.42,212.04,363.75,1,-1,-1,-1
78,15,656.52,480.19,265.06,435.37,1,-1,-1,-1
78,12,639.62,485.36,218.14,417.81,1,-1,-1,-1
78,11,931.49,497.79,207.91,366.28,1,-1,-1,-1
78,10,666.24,411.72,450.57,535.89,1,-1,-1,-1
78,7,1103.30,441.67,251.14,495.51,1,-1,-1,-1
78,6,1323.84,464.13,263.97,425.82,1,-1,-1,-1
78,4,1220.65,511.85,204.01,332.60,1,-1,-1,-1
78,2,589.41,503.77,184.74,353.08,1,-1,-1,-1
79,17,999.89,481.07,179.68,365.13,1,-1,-1,-1
79,15,658.61,474.09,262.28,439.38,1,-1,-1,-1
79,12,640.24,476.40,216.59,428.28,1,-1,-1,-1
79,10,674.22,400.45,424.32,544.21,1,-1,-1,-1
79,7,1103.77,438.10,247.96,501.23,1,-1,-1,-1
79,6,1345.53,464.84,247.76,426.11,1,-1,-1,-1
79,4,1218.62,510.82,185.06,333.87,1,-1,-1,-1
79,2,589.97,503.24,179.99,356.84,1,-1,-1,-1
80,17,989.27,480.15,183.87,366.83,1,-1,-1,-1
80,12,621.47,461.73,227.00,444.15,1,-1,-1,-1
80,10,674.99,390.47,440.41,558.46,1,-1,-1,-1
80,7,1106.31,431.82,263.53,505.61,1,-1,-1,-1
80,6,1355.22,459.38,241.84,432.79,1,-1,-1,-1
80,4,1221.36,511.35,184.04,331.94,1,-1,-1,-1
81,18,564.56,462.00,221.88,395.42,1,-1,-1,-1
80,18,577.56,461.42,253.76,408.33,1,-1,-1,-1
79,18,590.48,480.16,233.32,381.48,1,-1,-1,-1
81,17,979.40,475.66,193.81,369.97,1,-1,-1,-1
81,12,634.52,456.07,222.32,451.50,1,-1,-1,-1
81,10,676.55,389.67,429.78,555.04,1,-1,-1,-1
81,7,1031.96,428.64,350.71,503.22,1,-1,-1,-1
81,6,1352.12,455.54,248.21,441.09,1,-1,-1,-1
81,4,1212.66,511.51,198.71,330.60,1,-1,-1,-1
82,18,560.26,458.00,275.72,435.00,1,-1,-1,-1
82,17,1011.23,480.82,155.70,363.35,1,-1,-1,-1
82,10,705.94,390.18,405.12,557.65,1,-1,-1,-1
82,7,1108.25,426.83,277.42,506.01,1,-1,-1,-1
82,6,1350.24,457.11,253.90,438.15,1,-1,-1,-1
82,4,1215.78,513.26,191.58,327.93,1,-1,-1,-1
83,18,555.70,452.00,280.40,431.53,1,-1,-1,-1
83,17,1017.44,514.69,147.87,329.65,1,-1,-1,-1
83,13,905.28,471.64,208.06,379.87,1,-1,-1,-1
82,13,896.56,469.68,210.40,386.14,1,-1,-1,-1
81,13,879.22,470.63,230.59,388.34,1,-1,-1,-1
83,10,698.28,389.30,420.85,553.78,1,-1,-1,-1
83,7,1100.03,428.68,299.47,512.73,1,-1,-1,-1
83,4,1214.07,513.66,186.06,329.39,1,-1,-1,-1
84,17,984.84,497.67,179.49,348.09,1,-1,-1,-1
84,13,896.02,456.17,218.88,418.44,1,-1,-1,-1
84,10,544.14,388.39,574.27,555.58,1,-1,-1,-1
84,7,1079.79,417.43,334.81,524.91,1,-1,-1,-1
84,4,1210.87,511.12,199.24,334.97,1,-1,-1,-1
85,17,983.95,490.06,168.92,355.31,1,-1,-1,-1
85,14,1219.92,464.50,391.59,428.31,1,-1,-1,-1
84,14,1215.64,465.46,389.95,426.17,1,-1,-1,-1
83,14,1344.03,456.48,257.97,436.99,1,-1,-1,-1
85,13,891.12,461.45,200.19,413.78,1,-1,-1,-1
85,10,647.34,388.41,453.09,556.73,1,-1,-1,-1
85,7,1092.80,407.13,306.21,535.47,1,-1,-1,-1
86,17,982.05,486.81,178.03,357.85,1,-1,-1,-1
86,13,880.35,457.16,207.86,421.51,1,-1,-1,-1
86,10,543.23,387.92,566.85,559.73,1,-1,-1,-1
86,7,999.02,402.06,443.21,534.14,1,-1,-1,-1
87,17,976.22,486.56,182.97,359.93,1,-1,-1,-1
87,13,892.34,469.69,191.05,406.45,1,-1,-1,-1
87,10,728.61,390.86,360.54,554.05,1,-1,-1,-1
87,7,1010.32,405.06,398.20,526.41,1,-1,-1,-1
88,17,972.29,484.88,181.51,364.30,1,-1,-1,-1
88,13,889.40,465.73,191.46,412.63,1,-1,-1,-1
88,10,623.69,391.51,478.65,558.39,1,-1,-1,-1
88,7,1031.08,399.23,374.68,519.68,1,-1,-1,-1
89,17,970.13,487.49,189.99,365.45,1,-1,-1,-1
89,14,1236.10,463.05,373.98,424.79,1,-1,-1,-1
88,14,1219.90,461.63,394.15,428.21,1,-1,-1,-1
87,14,1215.15,456.76,397.03,435.41,1,-1,-1,-1
89,13,880.20,458.59,198.84,419.35,1,-1,-1,-1
89,12,624.32,427.19,236.94,479.67,1,-1,-1,-1
88,12,626.49,426.95,231.85,482.95,1,-1,-1,-1
87,12,613.44,436.14,225.73,472.79,1,-1,-1,-1
89,10,616.71,391.97,478.79,557.78,1,-1,-1,-1
89,7,1019.86,399.40,399.59,519.05,1,-1,-1,-1
90,17,968.89,489.16,178.59,363.73,1,-1,-1,-1
90,14,1252.50,463.52,360.21,424.57,1,-1,-1,-1
90,13,881.91,449.22,196.09,430.12,1,-1,-1,-1
90,10,580.10,390.62,504.00,557.95,1,-1,-1,-1
90,7,1024.28,400.49,390.97,516.85,1,-1,-1,-1
90,4,1219.92,517.09,133.79,324.95,1,-1,-1,-1
89,4,1211.19,520.57,143.94,322.87,1,-1,-1,-1
88,4,1213.71,534.77,150.35,308.93,1,-1,-1,-1
91,17,967.43,488.43,177.48,364.68,1,-1,-1,-1
91,14,1266.79,460.98,349.85,426.28,1,-1,-1,-1
91,13,878.08,440.18,199.77,438.67,1,-1,-1,-1
91,10,579.20,392.62,513.69,555.21,1,-1,-1,-1
91,7,1020.00,401.47,374.18,516.30,1,-1,-1,-1
91,4,1216.91,515.88,137.78,326.25,1,-1,-1,-1
92,17,968.26,478.79,176.55,372.57,1,-1,-1,-1
92,14,1277.85,459.95,324.09,426.28,1,-1,-1,-1
92,13,882.65,426.40,209.39,450.49,1,-1,-1,-1
92,10,680.97,398.33,417.47,551.75,1,-1,-1,-1
92,7,1002.86,400.17,410.05,518.79,1,-1,-1,-1
92,4,1220.22,513.75,131.03,327.80,1,-1,-1,-1
93,17,966.95,484.20,176.11,367.33,1,-1,-1,-1
93,14,1280.78,450.14,339.11,437.45,1,-1,-1,-1
93,13,882.51,446.57,203.05,434.53,1,-1,-1,-1
93,10,587.09,396.14,518.83,553.87,1,-1,-1,-1
93,7,1012.22,397.78,405.07,519.95,1,-1,-1,-1
93,4,1217.96,511.49,131.62,329.63,1,-1,-1,-1
94,17,967.93,486.71,173.92,362.31,1,-1,-1,-1
94,14,1275.49,444.08,345.77,443.78,1,-1,-1,-1
94,13,876.17,443.84,204.64,436.55,1,-1,-1,-1
94,10,736.29,398.42,372.26,554.22,1,-1,-1,-1
94,7,1015.96,393.57,395.32,524.58,1,-1,-1,-1
94,4,1220.59,512.56,124.66,328.18,1,-1,-1,-1
95,17,967.78,492.61,173.24,357.38,1,-1,-1,-1
95,14,1275.01,443.01,345.00,444.69,1,-1,-1,-1
95,13,878.51,428.73,203.92,450.94,1,-1,-1,-1
95,10,733.11,396.53,362.08,551.47,1,-1,-1,-1
95,7,1012.81,391.40,402.22,527.19,1,-1,-1,-1
95,4,1221.15,513.40,123.39,327.73,1,-1,-1,-1
95,2,584.26,391.67,201.87,460.86,1,-1,-1,-1
94,2,587.64,391.27,195.57,460.06,1,-1,-1,-1
93,2,585.19,397.07,211.59,455.15,1,-1,-1,-1
96,17,965.05,495.16,158.26,352.03,1,-1,-1,-1
96,14,1276.91,440.56,340.20,448.07,1,-1,-1,-1
96,10,738.82,396.38,357.26,551.54,1,-1,-1,-1
96,7,1021.79,391.66,378.33,527.20,1,-1,-1,-1
96,4,1225.56,515.80,117.16,323.83,1,-1,-1,-1
97,17,966.38,498.67,157.29,350.69,1,-1,-1,-1
97,14,1277.72,438.27,338.59,450.63,1,-1,-1,-1
97,10,744.96,385.28,347.62,562.97,1,-1,-1,-1
97,7,1025.27,393.12,356.42,525.46,1,-1,-1,-1
97,4,1227.42,515.91,118.46,323.73,1,-1,-1,-1
98,17,966.34,499.94,157.88,348.06,1,-1,-1,-1
98,14,1281.11,435.48,331.66,453.59,1,-1,-1,-1
98,12,560.75,391.29,266.30,501.89,1,-1,-1,-1
97,12,550.31,400.23,283.57,489.06,1,-1,-1,-1
96,12,549.21,400.33,284.70,473.65,1,-1,-1,-1
98,10,743.47,386.66,360.54,560.24,1,-1,-1,-1
98,7,1016.15,393.36,380.83,524.26,1,-1,-1,-1
98,4,1228.79,517.20,117.24,321.40,1,-1,-1,-1
99,17,967.37,505.46,153.46,341.76,1,-1,-1,-1
99,14,1275.03,434.54,339.46,454.56,1,-1,-1,-1
99,12,558.17,390.48,270.08,503.57,1,-1,-1,-1
99,10,742.48,400.06,351.65,546.03,1,-1,-1,-1
99,7,1016.88,393.44,383.23,526.24,1,-1,-1,-1
99,4,1228.22,516.67,120.81,322.24,1,-1,-1,-1
100,17,973.66,503.94,144.14,346.06,1,-1,-1,-1
100,14,1288.57,431.33,322.24,455.18,1,-1,-1,-1
100,12,561.66,396.57,267.74,496.59,1,-1,-1,-1
100,10,739.11,383.58,366.50,563.91,1,-1,-1,-1
100,7,1013.06,395.04,392.95,527.80,1,-1,-1,-1
100,4,1226.52,516.31,118.29,323.67,1,-1,-1,-1
101,17,976.02,502.97,141.00,351.28,1,-1,-1,-1
101,14,1293.09,433.83,316.53,454.33,1,-1,-1,-1
101,12,564.47,389.62,261.55,504.15,1,-1,-1,-1
101,10,739.81,375.36,371.40,569.61,1,-1,-1,-1
101,7,1051.91,397.56,337.44,527.22,1,-1,-1,-1
101,4,1227.09,515.98,118.12,324.97,1,-1,-1,-1
102,17,973.09,505.22,143.28,350.70,1,-1,-1,-1
102,14,1289.20,434.51,320.57,453.53,1,-1,-1,-1
102,12,562.43,390.63,262.47,501.25,1,-1,-1,-1
102,10,739.62,373.52,291.90,569.42,1,-1,-1,-1
102,7,1031.64,398.64,355.24,525.39,1,-1,-1,-1
102,4,1226.33,517.70,118.82,322.03,1,-1,-1,-1
103,17,966.52,505.59,158.55,350.23,1,-1,-1,-1
103,14,1288.54,447.34,314.85,439.14,1,-1,-1,-1
103,12,561.17,396.23,262.41,494.13,1,-1,-1,-1
103,10,734.49,370.24,313.37,568.31,1,-1,-1,-1
103,7,1033.95,398.88,346.83,523.10,1,-1,-1,-1
103,4,1227.75,517.43,121.52,323.00,1,-1,-1,-1
104,17,966.17,504.11,148.46,348.33,1,-1,-1,-1
104,14,1293.52,462.24,260.00,425.22,1,-1,-1,-1
104,12,563.98,392.71,260.28,492.75,1,-1,-1,-1
104,10,703.05,374.71,313.62,567.81,1,-1,-1,-1
104,7,1019.71,402.90,340.46,516.60,1,-1,-1,-1
104,4,1226.89,516.92,126.16,323.02,1,-1,-1,-1
105,17,972.21,503.63,145.57,347.45,1,-1,-1,-1
105,14,1287.36,451.84,301.41,434.80,1,-1,-1,-1
105,12,566.78,393.61,255.02,489.15,1,-1,-1,-1
105,10,702.25,377.24,315.73,564.51,1,-1,-1,-1
105,7,985.04,398.84,378.17,523.26,1,-1,-1,-1
105,4,1222.62,517.10,131.41,321.23,1,-1,-1,-1
106,17,972.47,515.01,139.21,328.82,1,-1,-1,-1
106,14,1289.61,462.22,280.60,426.36,1,-1,-1,-1
106,12,574.75,398.17,242.55,478.72,1,-1,-1,-1
106,10,584.25,377.47,443.04,565.74,1,-1,-1,-1
106,7,976.69,393.52,384.01,535.84,1,-1,-1,-1
106,4,1227.56,516.59,129.03,322.18,1,-1,-1,-1
107,17,976.30,517.41,135.40,329.32,1,-1,-1,-1
107,14,1284.94,447.20,317.48,442.35,1,-1,-1,-1
107,12,569.61,401.49,244.17,478.18,1,-1,-1,-1
107,10,581.90,373.17,431.99,570.21,1,-1,-1,-1
107,7,975.09,395.10,378.27,536.01,1,-1,-1,-1
107,4,1232.90,516.91,123.82,320.86,1,-1,-1,-1
108,17,962.52,512.84,155.18,340.15,1,-1,-1,-1
108,14,1277.53,425.76,316.06,464.46,1,-1,-1,-1
108,13,874.47,454.63,146.66,421.35,1,-1,-1,-1
107,13,879.39,456.72,143.92,418.34,1,-1,-1,-1
106,13,876.04,435.69,157.15,439.94,1,-1,-1,-1
108,10,577.02,370.10,430.44,570.30,1,-1,-1,-1
108,7,959.22,398.41,369.02,535.57,1,-1,-1,-1
108,4,1233.55,519.34,125.86,321.84,1,-1,-1,-1
109,17,964.92,502.85,151.59,347.91,1,-1,-1,-1
109,14,1272.55,429.38,299.80,462.95,1,-1,-1,-1
109,13,881.45,456.92,147.23,418.21,1,-1,-1,-1
109,10,582.57,365.72,408.69,572.91,1,-1,-1,-1
109,7,958.73,397.44,359.16,539.79,1,-1,-1,-1
109,4,1237.05,523.19,116.07,318.83,1,-1,-1,-1
110,15,580.47,391.68,231.83,484.63,1,-1,-1,-1
109,15,580.75,395.00,229.34,476.84,1,-1,-1,-1
108,15,581.71,394.83,232.59,485.35,1,-1,-1,-1
110,14,1248.57,445.25,325.85,448.19,1,-1,-1,-1
110,13,869.19,457.56,166.32,415.92,1,-1,-1,-1
110,10,580.49,368.17,394.63,568.38,1,-1,-1,-1
110,7,944.24,396.63,353.96,537.41,1,-1,-1,-1
110,4,1236.32,525.85,119.00,320.68,1,-1,-1,-1
111,19,1088.93,531.83,137.10,295.70,1,-1,-1,-1
110,19,1083.67,529.04,141.61,325.23,1,-1,-1,-1
109,19,1073.25,525.97,160.75,341.04,1,-1,-1,-1
111,15,584.47,391.27,227.44,470.84,1,-1,-1,-1
111,14,1246.09,431.53,290.15,466.43,1,-1,-1,-1
111,13,861.86,456.30,176.97,417.96,1,-1,-1,-1
111,10,583.75,366.28,376.96,567.82,1,-1,-1,-1
111,7,938.30,401.02,340.55,541.78,1,-1,-1,-1
111,4,1235.99,528.47,117.61,317.42,1,-1,-1,-1
112,19,1105.04,530.28,114.18,289.09,1,-1,-1,-1
112,14,1240.50,443.25,292.92,457.28,1,-1,-1,-1
112,13,867.04,461.28,155.63,417.42,1,-1,-1,-1
112,10,579.20,375.94,371.58,556.30,1,-1,-1,-1
112,7,917.16,395.65,342.51,543.92,1,-1,-1,-1
112,4,1235.57,529.28,119.39,307.06,1,-1,-1,-1
113,19,1108.51,529.28,118.64,289.49,1,-1,-1,-1
113,14,1237.59,439.84,287.35,460.23,1,-1,-1,-1
113,13,858.58,459.03,165.22,419.63,1,-1,-1,-1
113,10,579.45,380.09,328.78,552.06,1,-1,-1,-1
113,7,919.51,392.03,318.58,549.78,1,-1,-1,-1
114,19,1108.00,527.94,128.88,290.57,1,-1,-1,-1
114,14,1237.86,438.41,285.71,460.99,1,-1,-1,-1
114,13,856.96,466.86,162.02,409.05,1,-1,-1,-1
114,10,582.07,387.78,322.46,542.43,1,-1,-1,-1
114,7,929.95,397.03,306.97,545.67,1,-1,-1,-1
115,19,1105.73,527.47,144.69,290.91,1,-1,-1,-1
115,14,1236.54,415.38,280.15,483.25,1,-1,-1,-1
115,13,846.20,467.86,173.25,408.36,1,-1,-1,-1
115,10,573.67,388.05,324.70,542.45,1,-1,-1,-1
115,7,903.44,394.36,329.24,546.37,1,-1,-1,-1
116,19,1100.05,526.17,182.56,296.49,1,-1,-1,-1
116,14,1230.15,427.26,252.30,470.79,1,-1,-1,-1
116,13,826.08,411.62,171.58,458.43,1,-1,-1,-1
116,10,578.55,399.69,308.59,534.27,1,-1,-1,-1
116,7,874.00,389.23,311.35,554.13,1,-1,-1,-1
117,19,1077.57,525.61,227.53,297.53,1,-1,-1,-1
117,14,1213.82,421.54,269.52,480.56,1,-1,-1,-1
117,13,827.95,427.04,154.34,444.38,1,-1,-1,-1
117,10,581.01,399.13,299.05,537.33,1,-1,-1,-1
117,7,866.93,377.77,288.81,566.97,1,-1,-1,-1
118,19,1080.96,524.45,222.93,301.04,1,-1,-1,-1
118,14,1216.58,421.30,265.56,490.49,1,-1,-1,-1
118,13,820.55,417.52,167.15,448.22,1,-1,-1,-1
118,10,582.60,398.18,296.27,525.64,1,-1,-1,-1
118,7,861.20,376.80,282.44,567.10,1,-1,-1,-1
119,19,1082.56,519.47,219.51,308.23,1,-1,-1,-1
119,14,1203.08,455.60,239.91,456.36,1,-1,-1,-1
119,13,815.56,458.72,172.72,401.55,1,-1,-1,-1
119,10,585.06,391.53,283.15,535.40,1,-1,-1,-1
119,7,847.22,369.12,279.58,574.84,1,-1,-1,-1
120,19,1081.43,522.14,197.13,306.69,1,-1,-1,-1
120,14,1191.16,469.85,213.99,453.32,1,-1,-1,-1
120,13,807.88,458.38,163.88,403.99,1,-1,-1,-1
120,10,591.62,397.60,273.13,536.71,1,-1,-1,-1
120,7,863.51,350.23,251.59,588.31,1,-1,-1,-1
121,19,1081.48,523.83,197.27,299.75,1,-1,-1,-1
121,14,1196.97,467.45,198.19,456.72,1,-1,-1,-1
121,13,806.10,449.99,155.74,409.52,1,-1,-1,-1
121,10,580.16,397.25,291.68,535.99,1,-1,-1,-1
121,7,868.49,349.83,264.38,577.13,1,-1,-1,-1
122,19,1087.86,526.16,174.66,296.92,1,-1,-1,-1
122,17,966.60,431.67,195.22,419.19,1,-1,-1,-1
121,17,927.52,390.95,220.81,481.85,1,-1,-1,-1
120,17,965.80,426.62,185.36,436.95,1,-1,-1,-1
122,14,1166.98,409.46,269.38,517.78,1,-1,-1,-1
122,13,797.54,434.81,199.62,430.38,1,-1,-1,-1
122,10,606.49,398.97,270.25,534.37,1,-1,-1,-1
123,19,1120.14,529.08,134.40,295.67,1,-1,-1,-1
123,17,973.44,441.03,188.54,407.80,1,-1,-1,-1
123,14,1144.87,409.22,288.88,512.62,1,-1,-1,-1
123,13,794.86,445.88,171.47,412.70,1,-1,-1,-1
123,11,833.45,393.67,201.41,546.69,1,-1,-1,-1
122,11,853.42,393.18,185.98,547.33,1,-1,-1,-1
121,11,864.74,393.30,172.33,549.32,1,-1,-1,-1
123,10,606.84,405.14,262.74,528.30,1,-1,-1,-1
124,19,1142.48,528.22,131.94,295.16,1,-1,-1,-1
124,17,978.31,441.71,179.87,399.35,1,-1,-1,-1
124,14,1150.02,406.50,269.79,522.55,1,-1,-1,-1
124,13,783.39,424.43,169.87,436.48,1,-1,-1,-1
124,11,798.03,368.86,215.71,568.03,1,-1,-1,-1
124,10,585.98,409.41,264.81,522.54,1,-1,-1,-1
125,19,1144.58,527.30,137.59,299.21,1,-1,-1,-1
125,17,956.16,440.91,195.48,410.46,1,-1,-1,-1
125,14,1146.22,410.71,268.84,521.51,1,-1,-1,-1
125,11,778.75,369.89,231.75,565.83,1,-1,-1,-1
125,10,585.94,418.09,242.49,508.97,1,-1,-1,-1
125,7,887.11,394.51,210.78,471.13,1,-1,-1,-1
124,7,892.78,388.34,202.20,476.48,1,-1,-1,-1
123,7,880.94,399.30,218.15,472.31,1,-1,-1,-1
126,19,1083.18,495.86,227.77,328.58,1,-1,-1,-1
126,17,958.74,443.32,188.30,391.85,1,-1,-1,-1
126,14,1081.44,398.83,322.63,534.04,1,-1,-1,-1
126,11,768.77,417.38,221.49,516.67,1,-1,-1,-1
126,10,573.36,423.65,242.07,498.35,1,-1,-1,-1
126,7,879.31,402.38,206.06,463.51,1,-1,-1,-1
127,17,960.58,442.96,185.93,395.80,1,-1,-1,-1
127,14,1073.28,396.23,322.41,533.42,1,-1,-1,-1
127,11,760.83,402.89,219.51,530.28,1,-1,-1,-1
127,10,571.27,435.18,239.15,485.98,1,-1,-1,-1
127,7,865.29,405.23,205.57,457.59,1,-1,-1,-1
128,17,973.58,446.58,162.44,396.64,1,-1,-1,-1
128,14,1088.20,396.26,269.97,532.79,1,-1,-1,-1
128,11,741.99,434.03,221.51,495.16,1,-1,-1,-1
128,10,562.13,422.92,249.86,492.98,1,-1,-1,-1
128,7,853.96,399.86,194.07,465.56,1,-1,-1,-1
129,17,964.80,455.19,160.78,389.40,1,-1,-1,-1
129,14,1070.06,396.17,271.16,533.40,1,-1,-1,-1
129,11,736.88,409.31,218.79,516.92,1,-1,-1,-1
129,10,538.68,401.22,261.59,511.09,1,-1,-1,-1
129,7,854.34,424.15,175.13,438.80,1,-1,-1,-1
130,17,958.03,477.74,172.50,362.91,1,-1,-1,-1
130,14,1060.81,400.08,262.55,523.89,1,-1,-1,-1
130,11,750.60,377.35,193.08,549.74,1,-1,-1,-1
130,10,565.92,441.26,235.44,456.24,1,-1,-1,-1
130,7,959.36,484.77,168.75,357.12,1,-1,-1,-1
130,4,1203.41,410.03,158.67,465.66,1,-1,-1,-1
129,4,1209.98,405.83,158.26,469.40,1,-1,-1,-1
128,4,1214.44,409.38,153.99,467.14,1,-1,-1,-1
131,21,821.23,415.21,206.12,451.04,1,-1,-1,-1
130,21,855.22,477.50,173.21,385.96,1,-1,-1,-1
129,21,858.00,443.46,172.87,422.06,1,-1,-1,-1
131,17,945.22,447.68,193.36,397.63,1,-1,-1,-1
131,14,1057.78,396.63,251.45,525.08,1,-1,-1,-1
131,11,722.11,386.19,205.72,537.83,1,-1,-1,-1
131,10,567.11,437.55,224.92,463.43,1,-1,-1,-1
131,4,1181.80,409.30,179.27,466.34,1,-1,-1,-1
132,21,818.75,453.91,165.44,409.95,1,-1,-1,-1
132,17,919.05,445.12,205.39,404.00,1,-1,-1,-1
132,14,1028.52,389.66,254.85,536.29,1,-1,-1,-1
132,11,680.58,379.83,224.51,542.57,1,-1,-1,-1
132,10,563.69,454.43,211.22,436.51,1,-1,-1,-1
132,4,1183.33,399.84,173.08,478.32,1,-1,-1,-1
133,21,806.77,415.87,152.74,445.41,1,-1,-1,-1
133,17,938.45,447.24,185.49,407.93,1,-1,-1,-1
133,14,1010.73,395.61,251.73,531.41,1,-1,-1,-1
133,11,676.50,393.83,224.45,527.29,1,-1,-1,-1
133,10,561.30,448.50,221.47,440.90,1,-1,-1,-1
133,4,1153.90,418.79,195.17,460.65,1,-1,-1,-1
134,21,795.58,455.13,152.62,409.68,1,-1,-1,-1
134,17,961.63,507.05,155.63,343.86,1,-1,-1,-1
134,14,983.56,400.47,247.36,522.69,1,-1,-1,-1
134,11,679.19,384.78,221.32,532.07,1,-1,-1,-1
134,10,554.10,433.32,225.11,446.35,1,-1,-1,-1
134,4,1151.55,411.99,197.49,468.72,1,-1,-1,-1
135,21,796.47,489.15,144.48,375.71,1,-1,-1,-1
135,17,959.40,502.98,171.86,346.89,1,-1,-1,-1
135,14,970.39,392.19,253.81,534.28,1,-1,-1,-1
135,11,678.50,375.20,217.60,540.82,1,-1,-1,-1
135,10,550.59,453.22,217.72,422.19,1,-1,-1,-1
135,7,924.16,522.88,134.44,317.02,1,-1,-1,-1
134,7,935.60,539.57,130.24,308.20,1,-1,-1,-1
133,7,910.36,450.59,208.53,405.81,1,-1,-1,-1
135,4,1129.01,424.59,221.12,457.27,1,-1,-1,-1
136,21,768.05,451.84,156.02,411.98,1,-1,-1,-1
136,14,966.67,399.09,240.83,526.14,1,-1,-1,-1
136,11,641.38,470.65,227.82,435.22,1,-1,-1,-1
136,10,535.87,454.43,238.44,418.14,1,-1,-1,-1
136,7,906.45,500.94,154.01,353.51,1,-1,-1,-1
136,4,1133.83,440.35,215.94,444.56,1,-1,-1,-1
137,21,780.85,477.88,148.34,384.61,1,-1,-1,-1
137,14,959.01,393.91,231.16,530.37,1,-1,-1,-1
137,11,627.77,382.08,267.94,524.71,1,-1,-1,-1
137,10,532.61,461.12,226.38,411.31,1,-1,-1,-1
137,4,1143.23,437.07,198.54,445.15,1,-1,-1,-1
138,21,788.32,510.02,150.60,350.47,1,-1,-1,-1
138,14,951.39,397.14,218.83,528.32,1,-1,-1,-1
138,11,615.12,389.33,267.19,511.43,1,-1,-1,-1
138,10,518.45,456.21,240.65,414.32,1,-1,-1,-1
138,4,1132.15,453.22,201.97,430.48,1,-1,-1,-1
139,14,923.16,398.99,236.31,524.90,1,-1,-1,-1
139,13,743.35,457.25,152.12,398.81,1,-1,-1,-1
138,13,747.02,463.17,171.79,398.72,1,-1,-1,-1
137,13,752.50,450.04,169.31,407.55,1,-1,-1,-1
139,11,614.73,391.65,267.13,509.82,1,-1,-1,-1
139,10,516.73,443.18,240.14,427.28,1,-1,-1,-1
139,4,1145.94,447.90,188.37,437.44,1,-1,-1,-1
140,19,1100.65,505.41,160.62,319.28,1,-1,-1,-1
139,19,1108.03,517.21,145.44,300.84,1,-1,-1,-1
138,19,1107.91,520.09,173.05,301.29,1,-1,-1,-1
140,17,1080.89,544.03,106.98,266.87,1,-1,-1,-1
139,17,1059.82,538.85,128.59,281.85,1,-1,-1,-1
138,17,948.76,409.68,209.95,515.06,1,-1,-1,-1
140,14,903.04,397.21,255.21,525.09,1,-1,-1,-1
140,13,744.45,453.89,161.61,398.31,1,-1,-1,-1
140,11,518.04,381.24,308.50,519.20,1,-1,-1,-1
140,10,514.87,453.64,245.83,417.21,1,-1,-1,-1
140,4,1144.58,445.66,158.64,447.95,1,-1,-1,-1
141,20,809.23,458.04,154.03,395.10,1,-1,-1,-1
140,20,807.01,446.28,147.25,408.25,1,-1,-1,-1
139,20,812.06,441.57,155.12,416.44,1,-1,-1,-1
141,19,1079.95,520.24,138.45,297.45,1,-1,-1,-1
141,17,979.83,466.28,185.54,385.42,1,-1,-1,-1
141,14,853.93,396.65,286.63,524.14,1,-1,-1,-1
141,13,728.88,461.13,176.22,387.86,1,-1,-1,-1
141,11,514.46,385.59,295.06,506.76,1,-1,-1,-1
141,4,1118.39,472.37,167.32,425.15,1,-1,-1,-1
142,20,812.59,466.57,170.60,385.37,1,-1,-1,-1
142,19,1070.68,503.16,163.43,317.30,1,-1,-1,-1
142,17,980.78,488.55,197.46,349.85,1,-1,-1,-1
142,14,853.54,395.57,276.25,524.82,1,-1,-1,-1
142,13,733.32,459.33,174.92,385.87,1,-1,-1,-1
142,11,515.17,378.83,329.84,511.93,1,-1,-1,-1
142,4,1109.63,488.12,221.16,405.68,1,-1,-1,-1
143,20,813.62,456.99,158.65,395.38,1,-1,-1,-1
143,19,1064.18,514.18,151.24,310.78,1,-1,-1,-1
143,17,981.49,506.40,190.17,335.36,1,-1,-1,-1
143,14,836.31,390.46,298.35,528.49,1,-1,-1,-1
143,13,729.40,470.96,164.35,373.36,1,-1,-1,-1
143,11,519.97,391.52,305.68,502.50,1,-1,-1,-1
143,4,1103.48,492.70,227.94,401.47,1,-1,-1,-1
144,20,804.29,446.18,200.34,413.74,1,-1,-1,-1
144,17,992.58,510.08,169.32,344.72,1,-1,-1,-1
144,14,803.77,383.81,282.66,531.13,1,-1,-1,-1
144,13,716.05,462.67,179.36,360.76,1,-1,-1,-1
144,11,512.62,396.59,273.57,499.40,1,-1,-1,-1
145,22,1146.60,480.61,188.95,378.62,1,-1,-1,-1
144,22,1162.03,491.28,172.07,368.75,1,-1,-1,-1
143,22,1104.91,483.91,240.37,408.72,1,-1,-1,-1
145,17,1004.63,515.50,150.99,328.00,1,-1,-1,-1
145,14,794.82,409.77,257.28,503.14,1,-1,-1,-1
145,13,722.57,475.36,151.21,341.86,1,-1,-1,-1
145,11,525.89,394.05,257.72,500.27,1,-1,-1,-1
146,23,1060.92,499.74,161.43,392.31,1,-1,-1,-1
145,23,1072.61,498.85,158.21,393.23,1,-1,-1,-1
144,23,1075.79,487.03,176.08,409.97,1,-1,-1,-1
146,17,1000.27,512.94,143.74,328.43,1,-1,-1,-1
146,14,782.89,391.61,240.96,520.03,1,-1,-1,-1
146,11,527.83,388.94,253.77,502.18,1,-1,-1,-1
147,23,1052.17,475.07,170.10,414.69,1,-1,-1,-1
147,17,994.15,493.60,151.65,344.82,1,-1,-1,-1
147,14,768.35,409.66,233.78,501.40,1,-1,-1,-1
147,11,528.54,384.55,252.33,494.21,1,-1,-1,-1
147,4,1138.82,489.32,197.99,371.99,1,-1,-1,-1
146,4,1145.05,496.77,195.34,360.72,1,-1,-1,-1
145,4,1148.72,477.12,183.83,384.93,1,-1,-1,-1
148,23,1022.73,443.96,152.90,443.28,1,-1,-1,-1
148,17,987.13,536.32,113.35,298.97,1,-1,-1,-1
148,14,763.81,390.89,224.58,517.27,1,-1,-1,-1
148,12,894.28,403.82,135.42,429.51,1,-1,-1,-1
147,12,894.73,405.32,142.58,435.41,1,-1,-1,-1
146,12,906.85,401.24,148.18,443.03,1,-1,-1,-1
148,11,527.42,386.98,251.81,485.29,1,-1,-1,-1
148,4,1146.49,506.21,176.80,349.15,1,-1,-1,-1
149,23,1009.90,432.46,155.42,456.75,1,-1,-1,-1
149,17,984.31,529.50,109.18,304.97,1,-1,-1,-1
149,14,751.39,403.33,229.37,500.58,1,-1,-1,-1
149,11,525.10,387.74,242.73,482.13,1,-1,-1,-1
149,4,1142.59,501.83,188.49,352.64,1,-1,-1,-1
150,23,961.24,436.19,203.88,450.61,1,-1,-1,-1
150,17,961.48,528.60,149.59,306.28,1,-1,-1,-1
150,14,742.22,430.83,221.93,465.89,1,-1,-1,-1
150,13,671.08,474.01,149.09,339.46,1,-1,-1,-1
149,13,663.46,471.06,149.41,356.21,1,-1,-1,-1
148,13,655.38,469.35,149.51,365.92,1,-1,-1,-1
150,11,522.32,409.62,234.72,456.55,1,-1,-1,-1
150,4,1114.60,491.04,234.00,362.02,1,-1,-1,-1
151,23,946.10,436.63,218.32,449.90,1,-1,-1,-1
151,20,875.78,462.64,139.13,357.57,1,-1,-1,-1
150,20,889.31,485.52,138.36,352.68,1,-1,-1,-1
149,20,922.07,446.23,110.01,388.96,1,-1,-1,-1
151,14,738.38,421.21,210.37,473.09,1,-1,-1,-1
151,13,691.66,519.31,121.83,291.15,1,-1,-1,-1
151,11,520.09,427.80,224.76,434.27,1,-1,-1,-1
151,4,1137.82,467.93,219.85,383.62,1,-1,-1,-1
152,23,900.78,418.97,255.65,463.89,1,-1,-1,-1
152,20,884.70,460.78,141.56,359.78,1,-1,-1,-1
152,14,719.38,414.05,196.98,473.85,1,-1,-1,-1
152,13,694.45,537.61,135.85,271.43,1,-1,-1,-1
152,11,518.71,457.64,223.63,396.71,1,-1,-1,-1
152,4,1069.79,442.66,280.23,411.28,1,-1,-1,-1
153,23,884.21,420.99,264.00,461.40,1,-1,-1,-1
153,20,862.84,434.14,184.08,411.07,1,-1,-1,-1
153,14,701.27,430.50,206.09,452.82,1,-1,-1,-1
153,11,496.46,441.36,248.94,414.20,1,-1,-1,-1
153,4,1070.52,453.46,274.92,396.85,1,-1,-1,-1
154,23,872.65,424.70,256.11,454.59,1,-1,-1,-1
154,20,841.78,439.75,192.11,404.55,1,-1,-1,-1
154,14,689.13,437.62,202.82,444.71,1,-1,-1,-1
154,4,1070.35,438.37,270.01,414.68,1,-1,-1,-1
155,23,865.07,432.18,240.99,443.22,1,-1,-1,-1
155,20,854.28,440.99,185.64,407.04,1,-1,-1,-1
155,17,1054.28,540.69,128.41,266.54,1,-1,-1,-1
154,17,1037.01,542.44,127.71,264.71,1,-1,-1,-1
153,17,1006.67,535.32,155.43,277.06,1,-1,-1,-1
155,14,667.13,467.71,202.91,408.95,1,-1,-1,-1
155,10,503.94,398.31,253.17,452.67,1,-1,-1,-1
154,10,510.29,460.45,238.92,387.55,1,-1,-1,-1
153,10,517.07,464.44,230.44,389.15,1,-1,-1,-1
156,23,850.31,437.44,241.16,436.13,1,-1,-1,-1
156,20,848.35,445.56,213.13,393.25,1,-1,-1,-1
156,17,1058.21,528.92,129.16,274.51,1,-1,-1,-1
156,14,646.01,415.40,220.38,461.03,1,-1,-1,-1
156,10,505.83,436.82,234.35,404.10,1,-1,-1,-1
156,7,768.69,522.18,140.31,300.82,1,-1,-1,-1
155,7,722.72,408.63,192.94,436.46,1,-1,-1,-1
154,7,740.82,416.82,180.69,409.35,1,-1,-1,-1
157,23,841.56,437.68,214.41,438.19,1,-1,-1,-1
157,17,1064.78,515.09,160.95,295.54,1,-1,-1,-1
157,14,640.23,414.01,217.89,461.77,1,-1,-1,-1
157,10,516.66,424.40,223.48,416.14,1,-1,-1,-1
157,7,775.85,518.12,136.47,307.66,1,-1,-1,-1
158,23,840.41,418.16,209.83,455.36,1,-1,-1,-1
158,14,631.60,417.67,216.63,456.55,1,-1,-1,-1
158,10,511.72,457.63,236.45,383.08,1,-1,-1,-1
158,7,765.09,514.30,146.72,311.17,1,-1,-1,-1
158,4,1048.41,438.99,255.20,419.87,1,-1,-1,-1
157,4,1081.01,441.41,227.79,414.43,1,-1,-1,-1
156,4,1094.02,439.43,217.79,414.70,1,-1,-1,-1
159,23,838.26,419.30,210.45,453.13,1,-1,-1,-1
159,14,625.58,416.02,220.18,456.88,1,-1,-1,-1
159,12,941.15,527.37,159.54,299.72,1,-1,-1,-1
158,12,954.02,467.93,160.26,356.89,1,-1,-1,-1
157,12,960.41,464.64,153.12,357.38,1,-1,-1,-1
159,10,507.16,451.55,240.18,390.90,1,-1,-1,-1
159,7,769.95,513.60,135.39,305.43,1,-1,-1,-1
159,4,1015.83,444.94,285.05,406.42,1,-1,-1,-1
160,23,800.60,421.09,218.69,449.35,1,-1,-1,-1
160,14,605.72,405.02,206.94,462.67,1,-1,-1,-1
160,12,933.69,511.67,133.15,318.80,1,-1,-1,-1
160,10,514.29,416.61,205.09,417.52,1,-1,-1,-1
160,7,746.27,458.50,171.19,388.28,1,-1,-1,-1
160,4,1009.81,450.82,277.61,406.49,1,-1,-1,-1
161,23,789.12,433.71,228.54,435.24,1,-1,-1,-1
161,14,599.77,405.19,206.52,459.88,1,-1,-1,-1
161,12,934.84,514.55,133.23,313.44,1,-1,-1,-1
161,10,514.10,441.10,198.62,394.30,1,-1,-1,-1
161,7,747.87,441.00,196.84,408.19,1,-1,-1,-1
161,4,994.94,449.01,282.69,411.25,1,-1,-1,-1
162,23,784.85,436.62,224.99,431.52,1,-1,-1,-1
162,14,595.63,415.30,186.23,451.33,1,-1,-1,-1
162,12,944.85,506.71,147.04,317.15,1,-1,-1,-1
162,10,513.03,438.99,195.92,397.26,1,-1,-1,-1
162,7,746.00,442.32,216.48,417.68,1,-1,-1,-1
162,4,977.83,444.94,293.44,410.88,1,-1,-1,-1
163,23,745.71,438.00,236.75,430.08,1,-1,-1,-1
163,20,855.37,454.45,196.89,376.39,1,-1,-1,-1
162,20,914.34,476.79,146.48,349.70,1,-1,-1,-1
161,20,917.04,520.08,145.56,312.11,1,-1,-1,-1
163,17,1102.95,464.45,173.12,363.82,1,-1,-1,-1
162,17,1108.52,465.16,165.00,359.69,1,-1,-1,-1
161,17,1101.03,458.39,176.92,374.09,1,-1,-1,-1
163,14,576.10,405.31,200.04,460.78,1,-1,-1,-1
163,12,883.18,499.44,169.31,331.23,1,-1,-1,-1
163,10,515.69,473.58,203.89,352.33,1,-1,-1,-1
163,4,983.95,470.02,220.98,389.96,1,-1,-1,-1
164,23,729.20,431.37,219.69,436.09,1,-1,-1,-1
164,20,849.37,519.56,180.31,310.37,1,-1,-1,-1
164,17,1059.03,456.13,224.22,383.98,1,-1,-1,-1
164,14,552.40,413.88,192.15,449.67,1,-1,-1,-1
164,4,949.37,469.99,237.39,395.76,1,-1,-1,-1
165,23,722.45,417.81,227.15,450.09,1,-1,-1,-1
165,20,854.98,529.23,170.06,302.00,1,-1,-1,-1
165,17,1078.22,515.81,186.38,318.23,1,-1,-1,-1
165,14,532.99,401.70,243.05,459.75,1,-1,-1,-1
166,23,711.20,438.05,220.03,426.85,1,-1,-1,-1
166,20,849.01,511.99,165.14,313.77,1,-1,-1,-1
166,19,936.79,471.30,219.40,391.18,1,-1,-1,-1
165,19,939.48,473.41,226.03,388.07,1,-1,-1,-1
164,19,943.78,473.12,224.11,384.44,1,-1,-1,-1
166,17,1081.59,464.39,199.14,372.71,1,-1,-1,-1
166,14,552.69,409.28,207.84,448.93,1,-1,-1,-1
167,23,713.26,449.52,212.33,414.65,1,-1,-1,-1
167,20,817.95,490.74,176.24,338.50,1,-1,-1,-1
167,19,916.70,460.12,232.17,405.88,1,-1,-1,-1
167,17,1076.82,460.85,203.86,377.33,1,-1,-1,-1
167,14,552.47,411.64,184.01,441.49,1,-1,-1,-1
168,23,711.56,444.86,204.52,418.31,1,-1,-1,-1
168,20,858.63,478.58,156.37,350.77,1,-1,-1,-1
168,19,912.56,451.28,214.86,412.39,1,-1,-1,-1
168,17,1063.84,463.63,199.89,374.54,1,-1,-1,-1
168,14,547.37,409.04,163.43,437.56,1,-1,-1,-1
169,23,713.83,460.47,182.89,406.09,1,-1,-1,-1
169,20,830.23,464.03,195.07,358.86,1,-1,-1,-1
169,19,895.57,441.15,227.20,424.33,1,-1,-1,-1
169,17,1069.01,480.91,191.50,358.36,1,-1,-1,-1
169,14,543.46,400.25,185.12,446.48,1,-1,-1,-1
169,13,674.42,555.09,124.46,244.36,1,-1,-1,-1
168,13,644.04,530.67,158.03,273.64,1,-1,-1,-1
167,13,659.60,549.45,133.39,253.09,1,-1,-1,-1
170,23,686.81,442.03,193.45,424.11,1,-1,-1,-1
170,20,805.31,458.15,165.19,364.20,1,-1,-1,-1
170,19,890.02,434.66,221.09,432.85,1,-1,-1,-1
170,17,1053.88,474.23,208.39,364.96,1,-1,-1,-1
170,13,681.43,547.34,117.17,252.98,1,-1,-1,-1
171,20,815.73,463.13,164.18,361.63,1,-1,-1,-1
171,19,910.89,445.57,192.14,421.11,1,-1,-1,-1
171,17,1050.49,465.35,216.32,373.69,1,-1,-1,-1
171,10,536.24,391.03,214.50,454.87,1,-1,-1,-1
170,10,534.97,393.75,219.32,452.38,1,-1,-1,-1
169,10,542.76,398.04,213.99,447.56,1,-1,-1,-1
171,7,740.36,460.62,169.82,360.45,1,-1,-1,-1
170,7,750.08,457.38,162.31,365.82,1,-1,-1,-1
169,7,798.01,459.23,153.54,357.84,1,-1,-1,-1
172,20,818.21,450.01,209.79,410.85,1,-1,-1,-1
172,17,1042.51,460.65,186.11,381.46,1,-1,-1,-1
172,10,527.04,407.63,229.16,434.12,1,-1,-1,-1
172,7,745.32,461.68,164.20,362.96,1,-1,-1,-1
173,20,814.17,451.06,201.02,415.11,1,-1,-1,-1
173,17,1045.83,465.61,179.59,378.02,1,-1,-1,-1
173,10,529.78,436.18,224.51,407.72,1,-1,-1,-1
173,7,759.47,467.51,150.55,351.73,1,-1,-1,-1
174,23,645.16,443.93,182.51,402.25,1,-1,-1,-1
173,23,648.54,441.24,188.65,395.10,1,-1,-1,-1
172,23,657.65,439.94,237.80,421.05,1,-1,-1,-1
174,20,816.81,455.71,209.93,403.89,1,-1,-1,-1
174,17,1034.81,464.13,247.64,377.08,1,-1,-1,-1
174,10,533.17,448.89,216.55,391.00,1,-1,-1,-1
174,7,770.55,479.19,136.62,335.79,1,-1,-1,-1
174,4,946.27,489.90,147.80,369.03,1,-1,-1,-1
173,4,948.68,470.98,156.04,391.00,1,-1,-1,-1
172,4,934.90,450.79,170.13,410.57,1,-1,-1,-1
175,23,645.52,438.41,185.36,413.44,1,-1,-1,-1
175,20,835.23,460.79,187.64,403.43,1,-1,-1,-1
175,10,533.60,453.16,200.08,383.81,1,-1,-1,-1
175,7,769.06,471.48,140.75,347.30,1,-1,-1,-1
175,4,950.43,518.82,143.10,309.54,1,-1,-1,-1
176,23,653.80,456.72,169.62,388.78,1,-1,-1,-1
176,14,529.28,460.41,175.61,369.34,1,-1,-1,-1
175,14,530.39,459.27,165.39,371.07,1,-1,-1,-1
174,14,528.47,451.09,175.76,378.18,1,-1,-1,-1
176,11,610.16,531.64,122.19,297.31,1,-1,-1,-1
175,11,600.55,524.25,137.73,293.26,1,-1,-1,-1
174,11,584.38,521.56,164.80,296.08,1,-1,-1,-1
176,7,768.92,473.52,149.03,344.93,1,-1,-1,-1
176,4,946.42,537.39,120.80,284.20,1,-1,-1,-1
177,23,649.32,482.21,151.38,364.66,1,-1,-1,-1
177,19,781.67,451.11,161.13,406.25,1,-1,-1,-1
176,19,810.20,442.23,194.46,423.63,1,-1,-1,-1
175,19,810.75,458.72,201.25,383.19,1,-1,-1,-1
177,14,525.49,461.08,163.84,365.12,1,-1,-1,-1
177,11,615.48,527.47,114.36,298.82,1,-1,-1,-1
177,7,751.67,567.71,96.29,228.77,1,-1,-1,-1
177,4,921.23,495.52,138.66,325.54,1,-1,-1,-1
178,24,1107.05,473.73,156.86,358.89,1,-1,-1,-1
177,24,1109.90,483.59,160.86,346.44,1,-1,-1,-1
176,24,1095.44,452.22,181.60,385.74,1,-1,-1,-1
178,23,631.24,465.56,164.08,376.91,1,-1,-1,-1
178,19,800.78,453.52,165.13,406.92,1,-1,-1,-1
178,14,526.24,466.18,166.72,359.76,1,-1,-1,-1
178,12,928.63,542.24,126.58,281.57,1,-1,-1,-1
177,12,925.75,523.29,133.22,299.95,1,-1,-1,-1
176,12,917.54,540.06,104.23,268.54,1,-1,-1,-1
178,7,740.75,551.46,106.50,242.92,1,-1,-1,-1
179,25,1004.37,469.57,160.65,373.97,1,-1,-1,-1
178,25,1008.48,478.19,155.17,362.13,1,-1,-1,-1
177,25,1012.34,475.55,147.73,363.46,1,-1,-1,-1
179,24,1106.77,469.43,164.03,361.37,1,-1,-1,-1
179,23,619.46,465.74,174.35,378.18,1,-1,-1,-1
179,19,796.48,453.83,163.15,406.37,1,-1,-1,-1
179,14,524.42,465.10,177.89,362.88,1,-1,-1,-1
179,12,922.40,540.02,127.38,280.27,1,-1,-1,-1
179,7,746.65,563.04,116.53,228.56,1,-1,-1,-1
180,25,981.93,450.35,190.49,395.99,1,-1,-1,-1
180,24,1093.14,469.97,182.71,360.45,1,-1,-1,-1
180,23,607.77,463.84,172.16,377.26,1,-1,-1,-1
180,19,762.30,450.53,193.96,410.87,1,-1,-1,-1
180,14,533.51,465.89,169.64,361.32,1,-1,-1,-1
181,25,986.63,462.35,163.00,387.07,1,-1,-1,-1
181,24,1080.18,475.18,183.10,360.81,1,-1,-1,-1
181,23,605.52,473.16,172.65,366.00,1,-1,-1,-1
181,19,740.14,442.38,212.76,419.16,1,-1,-1,-1
181,14,544.11,478.25,153.74,350.03,1,-1,-1,-1
182,25,980.58,460.81,167.16,387.86,1,-1,-1,-1
182,24,1077.40,486.46,182.76,347.47,1,-1,-1,-1
182,23,604.02,483.52,171.48,351.58,1,-1,-1,-1
182,19,736.83,459.01,203.21,400.80,1,-1,-1,-1
182,14,563.20,489.98,132.67,334.90,1,-1,-1,-1
183,25,952.83,454.98,185.51,394.10,1,-1,-1,-1
183,24,1067.92,495.22,178.57,336.07,1,-1,-1,-1
183,23,573.23,484.59,198.39,350.38,1,-1,-1,-1
183,20,827.83,511.38,139.75,339.07,1,-1,-1,-1
182,20,808.13,468.57,141.01,349.57,1,-1,-1,-1
181,20,859.97,489.72,127.90,310.09,1,-1,-1,-1
183,19,731.27,460.32,186.45,397.23,1,-1,-1,-1
183,14,562.06,485.05,134.07,334.39,1,-1,-1,-1
