1,1110,801.3400268554688,385.17999267578125,276.90997314453125,551.780029296875,1,-1,-1,-1
1,1111,562.9299926757812,386.1300048828125,207.57000732421875,467.32000732421875,1,-1,-1,-1
1,1112,679.6799926757812,417.7900085449219,251.32000732421875,480.8800354003906,1,-1,-1,-1
1,1113,1142.5799560546875,329.3900146484375,193.300048828125,589.5999755859375,1,-1,-1,-1
1,1114,1197.3299560546875,320.1099853515625,271.3299560546875,546.2999877929688,1,-1,-1,-1
1,1115,1265.1199951171875,412.2699890136719,202.8599853515625,451.4599914550781,1,-1,-1,-1
2,1110,781.280029296875,347.2799987792969,290.6700439453125,588.5699462890625,1,-1,-1,-1
2,1111,584.3300170898438,395.0199890136719,185.989990234375,456.4800109863281,1,-1,-1,-1
2,1112,666.9500122070312,416.2200012207031,210.04998779296875,479.2000427246094,1,-1,-1,-1
2,1113,1013.25,484.17999267578125,178.3399658203125,355.79998779296875,1,-1,-1,-1
2,1114,1188.7099609375,314.42999267578125,282.8499755859375,556.6300048828125,1,-1,-1,-1
3,1110,771.22998046875,374.3900146484375,302.81005859375,561.6900024414062,1,-1,-1,-1
3,1111,589.469970703125,389.6300048828125,182.96002197265625,460.030029296875,1,-1,-1,-1
3,1112,659.3200073242188,404.70001220703125,205.89996337890625,491.23004150390625,1,-1,-1,-1
3,1113,1012.8800048828125,487.1499938964844,189.9100341796875,351.7699890136719,1,-1,-1,-1
3,1114,1113.31005859375,317.9100036621094,253.5899658203125,602.5499267578125,1,-1,-1,-1
3,1115,1282.0,422.29998779296875,201.1300048828125,445.8900146484375,1,-1,-1,-1
4,1110,732.8200073242188,389.25,338.77996826171875,546.0499877929688,1,-1,-1,-1
4,1111,582.2100219726562,385.4100036621094,170.41998291015625,465.4299621582031,1,-1,-1,-1
4,1112,658.9400024414062,417.5799865722656,207.3699951171875,479.9200134277344,1,-1,-1,-1
4,1113,1010.3900146484375,484.3399963378906,176.8199462890625,357.0700378417969,1,-1,-1,-1
4,1114,1110.5400390625,369.010009765625,260.3800048828125,550.4099731445312,1,-1,-1,-1
4,1115,1288.2900390625,341.239990234375,227.070068359375,531.0,1,-1,-1,-1
5,1110,682.9500122070312,402.75,324.35003662109375,504.05999755859375,1,-1,-1,-1
5,1111,590.5700073242188,441.75,160.16998291015625,411.72998046875,1,-1,-1,-1
5,1112,646.6400146484375,436.5,216.95001220703125,458.6600341796875,1,-1,-1,-1
5,1113,1016.5499877929688,490.92999267578125,161.58001708984375,351.94000244140625,1,-1,-1,-1
5,1114,1132.1300048828125,367.25,238.800048828125,556.2999877929688,1,-1,-1,-1
5,1115,1289.780029296875,350.9200134277344,262.18994140625,526.47998046875,1,-1,-1,-1
6,1110,741.3800048828125,403.1099853515625,326.6400146484375,538.9199829101562,1,-1,-1,-1
6,1111,580.6699829101562,382.05999755859375,167.59002685546875,476.1400146484375,1,-1,-1,-1
6,1112,644.1599731445312,438.55999755859375,209.8699951171875,456.25,1,-1,-1,-1
6,1113,1018.3599853515625,495.5,155.8399658203125,348.3299560546875,1,-1,-1,-1
6,1114,1131.6700439453125,363.5400085449219,250.1900634765625,564.3699951171875,1,-1,-1,-1
6,1115,1295.2099609375,351.9100036621094,269.6500244140625,528.0699462890625,1,-1,-1,-1
7,1110,765.0999755859375,402.44000244140625,296.3800048828125,543.75,1,-1,-1,-1
7,1112,663.219970703125,408.9700012207031,252.6099853515625,491.6900329589844,1,-1,-1,-1
7,1113,1020.469970703125,498.010009765625,148.3599853515625,347.9200439453125,1,-1,-1,-1
7,1114,1118.22998046875,319.9100036621094,259.2099609375,609.8199462890625,1,-1,-1,-1
7,1115,1294.47998046875,338.19000244140625,264.6500244140625,545.7899780273438,1,-1,-1,-1
8,1110,777.760009765625,408.8299865722656,284.6500244140625,540.080078125,1,-1,-1,-1
8,1112,664.0599975585938,413.3800048828125,257.04998779296875,488.3900146484375,1,-1,-1,-1
8,1113,1020.8200073242188,496.5,158.39996337890625,355.22998046875,1,-1,-1,-1
8,1114,1118.4599609375,317.0,259.3299560546875,614.219970703125,1,-1,-1,-1
8,1115,1283.25,331.0799865722656,326.5899658203125,553.469970703125,1,-1,-1,-1
8,1111,571.030029296875,390.6000061035156,175.6099853515625,472.9200134277344,1,-1,-1,-1
9,1110,772.8400268554688,407.3399963378906,296.46002197265625,542.260009765625,1,-1,-1,-1
9,1112,660.7999877929688,421.45001220703125,256.02996826171875,481.52996826171875,1,-1,-1,-1
9,1113,1005.4199829101562,499.9200134277344,170.57000732421875,356.1700134277344,1,-1,-1,-1
9,1114,1118.719970703125,363.010009765625,259.260009765625,568.1599731445312,1,-1,-1,-1
9,1115,1319.4000244140625,389.95001220703125,272.219970703125,499.69000244140625,1,-1,-1,-1
9,1111,568.6199951171875,368.30999755859375,186.72998046875,500.489990234375,1,-1,-1,-1
10,1110,790.239990234375,417.94000244140625,281.6099853515625,535.280029296875,1,-1,-1,-1
10,1112,662.8099975585938,427.0199890136719,243.010009765625,476.2699890136719,1,-1,-1,-1
10,1113,1015.6400146484375,502.1499938964844,171.219970703125,357.2699890136719,1,-1,-1,-1
10,1114,1109.260009765625,386.010009765625,265.8499755859375,545.7000122070312,1,-1,-1,-1
10,1115,1329.199951171875,387.92999267578125,269.469970703125,502.22003173828125,1,-1,-1,-1
10,1111,592.780029296875,445.8599853515625,182.010009765625,421.32000732421875,1,-1,-1,-1
11,1110,788.9000244140625,425.8999938964844,260.3199462890625,524.679931640625,1,-1,-1,-1
11,1112,665.469970703125,430.17999267578125,253.94000244140625,472.98004150390625,1,-1,-1,-1
11,1113,1015.3800048828125,502.6400146484375,163.9300537109375,352.9100341796875,1,-1,-1,-1
11,1114,1096.27001953125,389.8299865722656,278.43994140625,545.8699951171875,1,-1,-1,-1
11,1115,1339.1600341796875,385.6499938964844,252.2900390625,503.7500305175781,1,-1,-1,-1
11,1111,590.97998046875,461.25,196.6600341796875,405.760009765625,1,-1,-1,-1
12,1110,792.6799926757812,430.6099853515625,229.44000244140625,522.4600219726562,1,-1,-1,-1
12,1112,664.9099731445312,426.7900085449219,254.69000244140625,477.7099914550781,1,-1,-1,-1
12,1113,1017.77001953125,503.2900085449219,168.6300048828125,357.1999816894531,1,-1,-1,-1
12,1114,1113.5899658203125,406.69000244140625,260.9599609375,524.6799926757812,1,-1,-1,-1
12,1115,1361.9300537109375,407.4800109863281,225.3199462890625,480.8500061035156,1,-1,-1,-1
12,1111,585.5,473.07000732421875,168.94000244140625,386.1199951171875,1,-1,-1,-1
13,1110,793.0399780273438,435.9800109863281,215.0,517.340087890625,1,-1,-1,-1
13,1112,663.3800048828125,439.20001220703125,164.6400146484375,462.76995849609375,1,-1,-1,-1
13,1113,1015.3499755859375,507.8500061035156,162.9400634765625,351.1499938964844,1,-1,-1,-1
13,1114,1109.5799560546875,411.69000244140625,262.97998046875,520.3900146484375,1,-1,-1,-1
13,1115,1359.800048828125,418.3399963378906,232.1600341796875,467.1299743652344,1,-1,-1,-1
13,1111,586.2999877929688,477.4700012207031,162.02996826171875,387.2399597167969,1,-1,-1,-1
14,1110,793.1599731445312,439.80999755859375,204.6300048828125,513.5399780273438,1,-1,-1,-1
14,1112,656.4600219726562,440.07000732421875,181.3599853515625,462.8699951171875,1,-1,-1,-1
14,1113,993.3499755859375,501.4200134277344,186.5400390625,364.3199768066406,1,-1,-1,-1
14,1114,1104.6600341796875,314.2900085449219,268.4599609375,619.159912109375,1,-1,-1,-1
14,1115,1369.81005859375,388.0799865722656,236.780029296875,496.7599792480469,1,-1,-1,-1
14,1111,574.780029296875,478.44000244140625,174.489990234375,384.44000244140625,1,-1,-1,-1
15,1110,795.219970703125,436.489990234375,200.5899658203125,514.1799926757812,1,-1,-1,-1
15,1112,655.1699829101562,465.5299987792969,193.45001220703125,436.3299865722656,1,-1,-1,-1
15,1113,1012.7999877929688,504.2099914550781,167.09002685546875,361.8100280761719,1,-1,-1,-1
15,1114,1114.5799560546875,420.6600036621094,257.0499267578125,508.5299987792969,1,-1,-1,-1
15,1115,1380.4300537109375,441.739990234375,215.5899658203125,438.8399658203125,1,-1,-1,-1
15,1111,586.1099853515625,492.6499938964844,156.3900146484375,365.9700012207031,1,-1,-1,-1
15,1119,897.0,514.8800048828125,166.3900146484375,360.780029296875,1,-1,-1,-1
16,1110,790.5399780273438,439.19000244140625,211.1400146484375,511.16998291015625,1,-1,-1,-1
16,1112,645.3400268554688,493.2200012207031,182.8699951171875,403.5600280761719,1,-1,-1,-1
16,1113,1011.0800170898438,505.7699890136719,189.25994873046875,362.2999572753906,1,-1,-1,-1
16,1114,1116.6800537109375,422.8900146484375,253.8599853515625,509.02001953125,1,-1,-1,-1
16,1115,1384.449951171875,437.8999938964844,226.1199951171875,446.1200256347656,1,-1,-1,-1
16,1111,596.75,493.57000732421875,153.0,365.01995849609375,1,-1,-1,-1
16,1119,920.219970703125,523.0700073242188,160.8499755859375,349.89996337890625,1,-1,-1,-1
17,1110,788.5599975585938,437.3500061035156,200.0,514.030029296875,1,-1,-1,-1
17,1112,632.9500122070312,488.44000244140625,190.54998779296875,417.1300048828125,1,-1,-1,-1
17,1113,1009.0900268554688,505.6199951171875,192.28997802734375,358.8399658203125,1,-1,-1,-1
17,1114,1118.510009765625,422.760009765625,252.6099853515625,509.489990234375,1,-1,-1,-1
17,1115,1387.0799560546875,456.20001220703125,229.8900146484375,426.8699951171875,1,-1,-1,-1
17,1111,592.2899780273438,493.9700012207031,155.02001953125,370.5899963378906,1,-1,-1,-1
17,1119,895.6799926757812,523.6300048828125,179.64996337890625,351.6099853515625,1,-1,-1,-1
17,1120,689.1900024414062,459.5400085449219,233.1400146484375,452.3900451660156,1,-1,-1,-1
18,1110,790.1099853515625,437.75,197.6400146484375,514.7999877929688,1,-1,-1,-1
18,1112,602.739990234375,487.489990234375,210.0,418.5899658203125,1,-1,-1,-1
18,1113,1012.8099975585938,505.8699951171875,181.26995849609375,354.989990234375,1,-1,-1,-1
18,1114,1119.260009765625,431.1400146484375,253.5799560546875,498.94000244140625,1,-1,-1,-1
18,1115,1390.5799560546875,460.8299865722656,233.3699951171875,423.3799743652344,1,-1,-1,-1
18,1111,595.75,494.7900085449219,153.67999267578125,373.4599914550781,1,-1,-1,-1
18,1119,884.8699951171875,525.469970703125,178.25,350.6300048828125,1,-1,-1,-1
18,1120,690.75,458.7200012207031,225.219970703125,449.3500061035156,1,-1,-1,-1
19,1110,799.1900024414062,440.989990234375,201.08001708984375,513.969970703125,1,-1,-1,-1
19,1112,594.72998046875,491.57000732421875,212.80999755859375,417.14996337890625,1,-1,-1,-1
19,1113,1029.6700439453125,506.1400146484375,160.8699951171875,356.42999267578125,1,-1,-1,-1
19,1114,1121.18994140625,432.5299987792969,247.239990234375,496.8500061035156,1,-1,-1,-1
19,1115,1392.4000244140625,461.07000732421875,228.1800537109375,425.52996826171875,1,-1,-1,-1
19,1119,863.3900146484375,523.3099975585938,206.0599365234375,388.760009765625,1,-1,-1,-1
19,1120,708.239990234375,461.6700134277344,207.760009765625,443.7200012207031,1,-1,-1,-1
20,1110,792.8400268554688,439.94000244140625,221.91998291015625,516.8499755859375,1,-1,-1,-1
20,1112,589.4099731445312,485.4200134277344,207.52996826171875,426.0699768066406,1,-1,-1,-1
20,1113,1019.5599975585938,504.6000061035156,170.77996826171875,352.8200378417969,1,-1,-1,-1
20,1114,1119.4000244140625,434.6099853515625,251.8399658203125,498.8800048828125,1,-1,-1,-1
20,1115,1394.5699462890625,464.9800109863281,233.3399658203125,418.3599548339844,1,-1,-1,-1
20,1119,867.510009765625,522.3099975585938,222.8599853515625,447.78997802734375,1,-1,-1,-1
21,1110,777.3400268554688,439.6499938964844,235.6099853515625,517.0599365234375,1,-1,-1,-1
21,1112,588.3499755859375,481.1199951171875,212.9100341796875,434.92999267578125,1,-1,-1,-1
21,1113,1018.2000122070312,502.7200012207031,175.64996337890625,362.2200012207031,1,-1,-1,-1
21,1114,1117.969970703125,434.45001220703125,256.199951171875,499.79998779296875,1,-1,-1,-1
21,1115,1391.9599609375,468.30999755859375,241.719970703125,414.53997802734375,1,-1,-1,-1
21,1119,849.489990234375,518.7899780273438,261.179931640625,476.77996826171875,1,-1,-1,-1
21,1121,1280.75,511.8599853515625,167.6600341796875,324.3900146484375,1,-1,-1,-1
22,1112,585.9199829101562,481.8900146484375,209.83001708984375,437.4599609375,1,-1,-1,-1
22,1113,1019.1599731445312,504.7300109863281,172.09002685546875,357.8299865722656,1,-1,-1,-1
22,1114,1120.5400390625,433.92999267578125,268.7099609375,500.6400146484375,1,-1,-1,-1
22,1115,1388.550048828125,470.95001220703125,234.760009765625,413.760009765625,1,-1,-1,-1
22,1119,780.4400024414062,439.3800048828125,378.34002685546875,623.010009765625,1,-1,-1,-1
22,1121,1291.3599853515625,510.9800109863281,142.27001953125,325.4400329589844,1,-1,-1,-1
23,1112,582.7100219726562,479.2799987792969,209.65997314453125,444.3700256347656,1,-1,-1,-1
23,1113,1019.97998046875,503.2699890136719,172.929931640625,356.9299621582031,1,-1,-1,-1
23,1114,1120.9100341796875,430.4599914550781,293.5799560546875,504.9700012207031,1,-1,-1,-1
23,1115,1376.72998046875,473.5199890136719,239.81005859375,411.5000305175781,1,-1,-1,-1
23,1119,788.0,438.1099853515625,382.489990234375,610.3199462890625,1,-1,-1,-1
23,1110,725.1099853515625,439.2699890136719,263.07000732421875,484.8900451660156,1,-1,-1,-1
24,1112,584.8499755859375,450.5299987792969,215.6199951171875,468.6300354003906,1,-1,-1,-1
24,1113,1024.8900146484375,497.7300109863281,162.72998046875,355.8999938964844,1,-1,-1,-1
24,1114,1121.5799560546875,426.6700134277344,282.5599365234375,509.2900085449219,1,-1,-1,-1
24,1115,1374.0,475.04998779296875,215.8900146484375,412.260009765625,1,-1,-1,-1
24,1119,784.1199951171875,433.20001220703125,388.9400634765625,598.1000366210938,1,-1,-1,-1
24,1122,897.3200073242188,510.739990234375,185.87994384765625,372.47998046875,1,-1,-1,-1
24,1110,716.8599853515625,438.0199890136719,276.6600341796875,487.2699890136719,1,-1,-1,-1
25,1112,591.3499755859375,432.32000732421875,216.45001220703125,488.01995849609375,1,-1,-1,-1
25,1113,1026.3499755859375,493.9800109863281,156.469970703125,357.1399841308594,1,-1,-1,-1
25,1114,1119.739990234375,424.2900085449219,271.43994140625,511.6499938964844,1,-1,-1,-1
25,1115,1378.300048828125,474.54998779296875,217.300048828125,412.02996826171875,1,-1,-1,-1
25,1119,769.9199829101562,449.57000732421875,412.61004638671875,582.5000610351562,1,-1,-1,-1
25,1122,905.0,506.3900146484375,179.47998046875,372.969970703125,1,-1,-1,-1
26,1112,576.3099975585938,465.6499938964844,195.08001708984375,401.6000061035156,1,-1,-1,-1
26,1113,1026.030029296875,491.2300109863281,163.25,359.5199890136719,1,-1,-1,-1
26,1114,1121.550048828125,423.0400085449219,270.6700439453125,512.47998046875,1,-1,-1,-1
26,1115,1378.8599853515625,473.8699951171875,215.1099853515625,412.0400390625,1,-1,-1,-1
26,1119,759.8400268554688,444.3999938964844,439.96002197265625,583.6300048828125,1,-1,-1,-1
26,1122,905.8900146484375,505.3699951171875,186.4000244140625,377.260009765625,1,-1,-1,-1
27,1112,577.510009765625,465.57000732421875,185.05999755859375,410.35003662109375,1,-1,-1,-1
27,1113,1024.0999755859375,487.32000732421875,166.3699951171875,364.01995849609375,1,-1,-1,-1
27,1114,1122.8699951171875,420.6499938964844,434.9200439453125,510.9599914550781,1,-1,-1,-1
27,1115,1381.699951171875,475.7900085449219,325.820068359375,416.2900085449219,1,-1,-1,-1
27,1119,725.239990234375,447.5799865722656,484.43994140625,579.6800537109375,1,-1,-1,-1
27,1122,899.75,497.95001220703125,192.010009765625,389.55999755859375,1,-1,-1,-1
27,1110,703.8200073242188,421.1400146484375,303.52996826171875,532.22998046875,1,-1,-1,-1
28,1112,573.6699829101562,434.9100036621094,245.6400146484375,482.1400451660156,1,-1,-1,-1
28,1113,1028.6700439453125,475.6700134277344,165.3699951171875,376.3999938964844,1,-1,-1,-1
28,1114,1119.6300048828125,414.7300109863281,433.530029296875,532.22998046875,1,-1,-1,-1
28,1115,1389.3499755859375,478.92999267578125,215.3099365234375,412.760009765625,1,-1,-1,-1
28,1119,744.7100219726562,435.489990234375,476.78997802734375,582.0399780273438,1,-1,-1,-1
28,1122,911.9000244140625,479.57000732421875,184.3699951171875,396.69000244140625,1,-1,-1,-1
28,1110,704.0800170898438,416.0899963378906,295.98004150390625,527.6099853515625,1,-1,-1,-1
29,1112,576.0999755859375,443.4800109863281,191.19000244140625,443.3100280761719,1,-1,-1,-1
29,1113,1028.8900146484375,469.8500061035156,162.9200439453125,380.4999694824219,1,-1,-1,-1
29,1114,1107.780029296875,407.1700134277344,418.93994140625,540.1500244140625,1,-1,-1,-1
29,1115,1387.77001953125,475.9200134277344,344.489990234375,414.1300354003906,1,-1,-1,-1
29,1119,725.7100219726562,431.6400146484375,497.03997802734375,584.6300048828125,1,-1,-1,-1
29,1122,907.72998046875,472.6300048828125,196.260009765625,402.79998779296875,1,-1,-1,-1
29,1110,700.1199951171875,411.04998779296875,301.27001953125,541.4099731445312,1,-1,-1,-1
30,1112,575.9400024414062,425.45001220703125,228.07000732421875,494.95001220703125,1,-1,-1,-1
30,1113,1033.81005859375,463.7099914550781,157.9200439453125,383.3999938964844,1,-1,-1,-1
30,1114,1113.969970703125,403.80999755859375,411.8800048828125,541.7999877929688,1,-1,-1,-1
30,1115,1389.9000244140625,472.510009765625,345.9100341796875,416.69000244140625,1,-1,-1,-1
30,1119,750.0900268554688,420.8299865722656,465.77996826171875,582.6700439453125,1,-1,-1,-1
30,1122,919.1099853515625,464.3999938964844,188.3499755859375,404.7500305175781,1,-1,-1,-1
30,1110,694.239990234375,403.1099853515625,313.0899658203125,535.739990234375,1,-1,-1,-1
31,1112,578.9600219726562,417.5199890136719,227.20001220703125,502.4800109863281,1,-1,-1,-1
31,1113,1034.8199462890625,460.6400146484375,149.1600341796875,387.1700439453125,1,-1,-1,-1
31,1114,1120.02001953125,396.510009765625,389.3699951171875,553.4000244140625,1,-1,-1,-1
31,1115,1387.7900390625,469.55999755859375,220.81005859375,420.47003173828125,1,-1,-1,-1
31,1119,755.5499877929688,410.32000732421875,438.08001708984375,594.0800170898438,1,-1,-1,-1
31,1122,919.1699829101562,461.2300109863281,181.67999267578125,403.7300109863281,1,-1,-1,-1
31,1110,695.3099975585938,387.9800109863281,318.21002197265625,559.239990234375,1,-1,-1,-1
32,1112,574.1400146484375,409.6499938964844,202.6500244140625,509.4399719238281,1,-1,-1,-1
32,1113,1034.530029296875,458.8599853515625,152.030029296875,383.489990234375,1,-1,-1,-1
32,1114,1126.93994140625,386.8699951171875,339.68994140625,566.3400268554688,1,-1,-1,-1
32,1115,1387.6199951171875,441.3299865722656,319.02001953125,449.9100036621094,1,-1,-1,-1
32,1119,767.5900268554688,364.32000732421875,376.25006103515625,619.8900146484375,1,-1,-1,-1
32,1122,913.6500244140625,443.260009765625,184.02001953125,409.6199951171875,1,-1,-1,-1
32,1110,666.8599853515625,405.260009765625,244.79998779296875,509.5400390625,1,-1,-1,-1
33,1112,571.3300170898438,406.1600036621094,221.6400146484375,511.6100158691406,1,-1,-1,-1
33,1113,1042.2900390625,451.3399963378906,153.3900146484375,390.3699645996094,1,-1,-1,-1
33,1114,1125.4000244140625,382.3500061035156,305.5599365234375,569.6800537109375,1,-1,-1,-1
33,1115,1388.8900146484375,444.82000732421875,306.260009765625,447.46002197265625,1,-1,-1,-1
33,1119,781.219970703125,353.44000244140625,328.06005859375,624.6699829101562,1,-1,-1,-1
33,1122,913.9500122070312,437.1400146484375,197.11004638671875,412.75,1,-1,-1,-1
33,1110,669.4199829101562,411.04998779296875,253.52996826171875,501.57000732421875,1,-1,-1,-1
34,1112,565.02001953125,411.3599853515625,223.25,503.1099853515625,1,-1,-1,-1
34,1113,1041.6700439453125,447.2200012207031,147.989990234375,389.1299743652344,1,-1,-1,-1
34,1114,1125.010009765625,381.7900085449219,283.320068359375,562.3599853515625,1,-1,-1,-1
34,1115,1392.719970703125,452.6199951171875,288.0400390625,446.6300048828125,1,-1,-1,-1
34,1119,745.5,342.2900085449219,387.25,619.919921875,1,-1,-1,-1
34,1122,914.5599975585938,429.4599914550781,217.13995361328125,424.6000061035156,1,-1,-1,-1
34,1110,669.9099731445312,413.82000732421875,264.46002197265625,499.6099853515625,1,-1,-1,-1
34,1121,1238.0400390625,488.6499938964844,200.510009765625,433.0100402832031,1,-1,-1,-1
35,1112,554.3599853515625,416.8399963378906,204.28997802734375,494.3100280761719,1,-1,-1,-1
35,1113,1030.489990234375,444.94000244140625,161.5799560546875,395.19000244140625,1,-1,-1,-1
35,1114,1124.550048828125,374.6300048828125,290.3800048828125,571.52001953125,1,-1,-1,-1
35,1115,1392.530029296875,447.57000732421875,268.699951171875,446.29998779296875,1,-1,-1,-1
35,1119,767.260009765625,334.3900146484375,321.780029296875,632.3400268554688,1,-1,-1,-1
35,1122,892.989990234375,417.2799987792969,247.929931640625,465.4800109863281,1,-1,-1,-1
35,1110,664.2999877929688,411.75,250.260009765625,502.67999267578125,1,-1,-1,-1
36,1112,536.5800170898438,376.04998779296875,271.8900146484375,511.72003173828125,1,-1,-1,-1
36,1113,1006.510009765625,445.1499938964844,190.800048828125,398.4900207519531,1,-1,-1,-1
36,1114,1124.4000244140625,361.5299987792969,285.9500732421875,589.27001953125,1,-1,-1,-1
36,1115,1397.1300048828125,439.5299987792969,256.1800537109375,456.8700256347656,1,-1,-1,-1
36,1119,771.510009765625,331.0199890136719,260.02001953125,637.260009765625,1,-1,-1,-1
36,1122,907.3499755859375,407.44000244140625,246.030029296875,483.66998291015625,1,-1,-1,-1
36,1110,629.4500122070312,395.20001220703125,219.239990234375,519.739990234375,1,-1,-1,-1
37,1112,523.6199951171875,379.3500061035156,237.0899658203125,490.8899841308594,1,-1,-1,-1
37,1113,934.2899780273438,411.3699951171875,261.26995849609375,479.6500244140625,1,-1,-1,-1
37,1114,1077.260009765625,355.67999267578125,334.7900390625,599.1099853515625,1,-1,-1,-1
37,1115,1398.030029296875,435.7799987792969,211.8499755859375,459.2799987792969,1,-1,-1,-1
37,1119,762.25,334.0299987792969,289.780029296875,636.68994140625,1,-1,-1,-1
37,1122,910.72998046875,402.6300048828125,234.050048828125,480.5799560546875,1,-1,-1,-1
37,1110,634.0499877929688,396.80999755859375,220.6300048828125,519.3200073242188,1,-1,-1,-1
38,1113,951.3200073242188,404.510009765625,235.53997802734375,485.8800048828125,1,-1,-1,-1
38,1114,1104.280029296875,351.3999938964844,303.2900390625,599.18994140625,1,-1,-1,-1
38,1115,1399.47998046875,431.2300109863281,211.77001953125,464.5199890136719,1,-1,-1,-1
38,1119,764.97998046875,329.75,261.179931640625,641.2999877929688,1,-1,-1,-1
38,1110,624.2100219726562,375.6000061035156,225.90997314453125,541.8699951171875,1,-1,-1,-1
39,1113,969.9500122070312,444.2900085449219,209.73004150390625,417.2799987792969,1,-1,-1,-1
39,1114,1041.5999755859375,345.7699890136719,379.510009765625,607.449951171875,1,-1,-1,-1
39,1115,1398.7900390625,427.1300048828125,213.5899658203125,469.5,1,-1,-1,-1
39,1119,766.3200073242188,308.55999755859375,279.03997802734375,664.4299926757812,1,-1,-1,-1
39,1110,617.3200073242188,371.0899963378906,224.45001220703125,549.1400146484375,1,-1,-1,-1
40,1113,1011.4600219726562,365.5899963378906,199.73004150390625,489.1499938964844,1,-1,-1,-1
40,1114,1117.7900390625,331.1300048828125,314.3399658203125,623.2100219726562,1,-1,-1,-1
40,1115,1394.260009765625,414.0199890136719,229.1300048828125,483.5100402832031,1,-1,-1,-1
40,1119,765.3200073242188,268.0,404.32000732421875,711.2100219726562,1,-1,-1,-1
40,1110,646.1500244140625,361.3299865722656,195.760009765625,562.840087890625,1,-1,-1,-1
41,1113,1017.8800048828125,369.57000732421875,187.0999755859375,480.8900146484375,1,-1,-1,-1
41,1114,1115.300048828125,331.17999267578125,319.77001953125,618.8800048828125,1,-1,-1,-1
41,1115,1388.9599609375,398.8900146484375,221.219970703125,498.80999755859375,1,-1,-1,-1
41,1119,762.6500244140625,257.989990234375,314.0999755859375,722.4400024414062,1,-1,-1,-1
41,1110,632.02001953125,363.1199951171875,202.72998046875,558.3800048828125,1,-1,-1,-1
42,1113,1012.4199829101562,370.5899963378906,169.11004638671875,482.6499938964844,1,-1,-1,-1
42,1114,1115.9599609375,319.2300109863281,322.2900390625,630.1800537109375,1,-1,-1,-1
42,1115,1392.3599853515625,382.3599853515625,228.469970703125,518.739990234375,1,-1,-1,-1
42,1119,762.4500122070312,245.6300048828125,355.49993896484375,739.5800170898438,1,-1,-1,-1
42,1110,642.1900024414062,360.19000244140625,195.80999755859375,565.97998046875,1,-1,-1,-1
43,1113,1023.1300048828125,370.7799987792969,179.6400146484375,483.1499938964844,1,-1,-1,-1
43,1114,1117.4599609375,304.2799987792969,331.780029296875,644.6400146484375,1,-1,-1,-1
43,1115,1373.56005859375,321.9599914550781,237.179931640625,580.5400390625,1,-1,-1,-1
43,1119,764.9299926757812,236.92999267578125,331.03997802734375,748.9199829101562,1,-1,-1,-1
43,1110,639.47998046875,366.4800109863281,196.469970703125,550.52001953125,1,-1,-1,-1
43,1111,525.969970703125,342.82000732421875,252.47998046875,573.1199951171875,1,-1,-1,-1
44,1113,1033.0799560546875,449.45001220703125,135.5699462890625,404.10003662109375,1,-1,-1,-1
44,1114,1120.260009765625,288.55999755859375,336.18994140625,662.9099731445312,1,-1,-1,-1
44,1115,1349.77001953125,289.04998779296875,261.179931640625,616.8900146484375,1,-1,-1,-1
44,1119,763.6799926757812,284.8900146484375,313.85003662109375,700.760009765625,1,-1,-1,-1
44,1110,617.3099975585938,346.010009765625,225.8800048828125,579.8699951171875,1,-1,-1,-1
44,1111,520.9299926757812,306.5299987792969,249.33001708984375,574.0,1,-1,-1,-1
45,1113,1029.3299560546875,453.3599853515625,142.5699462890625,400.3399658203125,1,-1,-1,-1
45,1114,1121.5400390625,271.0,305.449951171875,679.5399780273438,1,-1,-1,-1
45,1115,1338.6800537109375,261.4599914550781,281.1900634765625,644.0,1,-1,-1,-1
45,1119,758.8499755859375,288.2099914550781,316.5999755859375,698.260009765625,1,-1,-1,-1
45,1111,520.4099731445312,314.0,324.20001220703125,609.1500244140625,1,-1,-1,-1
45,1120,865.280029296875,388.260009765625,223.1199951171875,524.4500122070312,1,-1,-1,-1
46,1113,1011.0599975585938,445.1400146484375,159.07000732421875,413.760009765625,1,-1,-1,-1
46,1114,1121.8699951171875,254.8800048828125,318.260009765625,696.22998046875,1,-1,-1,-1
46,1115,1330.02001953125,260.44000244140625,319.7900390625,645.8099975585938,1,-1,-1,-1
46,1119,756.7100219726562,229.5399932861328,308.49993896484375,757.8699951171875,1,-1,-1,-1
46,1111,523.0,336.6600036621094,320.6300048828125,582.6500244140625,1,-1,-1,-1
46,1120,852.4099731445312,368.7300109863281,244.99005126953125,551.8499755859375,1,-1,-1,-1
47,1113,1018.4099731445312,444.44000244140625,149.67999267578125,413.28997802734375,1,-1,-1,-1
47,1114,1118.1400146484375,236.24000549316406,438.0799560546875,714.6099853515625,1,-1,-1,-1
47,1115,1389.25,362.3999938964844,223.3800048828125,538.030029296875,1,-1,-1,-1
47,1119,748.260009765625,229.7100067138672,321.780029296875,756.9500122070312,1,-1,-1,-1
47,1111,521.4500122070312,445.3800048828125,214.82000732421875,425.17999267578125,1,-1,-1,-1
47,1120,864.0999755859375,380.19000244140625,235.6500244140625,543.8200073242188,1,-1,-1,-1
48,1113,1016.969970703125,416.010009765625,149.6300048828125,441.67999267578125,1,-1,-1,-1
48,1114,1118.0400390625,221.14999389648438,451.8399658203125,726.719970703125,1,-1,-1,-1
48,1115,1327.3699951171875,369.32000732421875,406.5999755859375,534.4400024414062,1,-1,-1,-1
48,1119,764.5399780273438,248.25999450683594,295.49005126953125,741.97998046875,1,-1,-1,-1
48,1120,868.22998046875,327.5299987792969,231.8599853515625,596.219970703125,1,-1,-1,-1
49,1113,1027.0699462890625,435.8900146484375,144.8800048828125,421.6700439453125,1,-1,-1,-1
49,1114,1117.4200439453125,225.27000427246094,514.77001953125,721.1400146484375,1,-1,-1,-1
49,1115,1331.02001953125,394.1400146484375,404.989990234375,509.719970703125,1,-1,-1,-1
49,1119,758.030029296875,271.0299987792969,323.6300048828125,716.8699951171875,1,-1,-1,-1
49,1120,866.3400268554688,302.4100036621094,238.41998291015625,627.969970703125,1,-1,-1,-1
50,1113,1030.47998046875,420.3299865722656,143.47998046875,441.6700134277344,1,-1,-1,-1
50,1114,1121.25,225.4199981689453,390.2099609375,719.760009765625,1,-1,-1,-1
50,1115,1393.56005859375,372.95001220703125,345.5999755859375,531.02001953125,1,-1,-1,-1
50,1119,745.469970703125,254.2100067138672,318.3399658203125,736.4500122070312,1,-1,-1,-1
50,1120,878.25,345.2099914550781,232.6500244140625,569.2100830078125,1,-1,-1,-1
50,1110,605.72998046875,361.1099853515625,247.3800048828125,562.1500244140625,1,-1,-1,-1
51,1113,1021.1500244140625,456.1400146484375,152.4100341796875,406.1300048828125,1,-1,-1,-1
51,1114,1121.510009765625,224.6199951171875,394.9100341796875,718.5399780273438,1,-1,-1,-1
51,1115,1365.0699462890625,374.4700012207031,383.5400390625,530.8900146484375,1,-1,-1,-1
51,1119,752.1099853515625,288.5899963378906,321.989990234375,695.9200439453125,1,-1,-1,-1
51,1110,529.4500122070312,365.70001220703125,323.34002685546875,545.5599975585938,1,-1,-1,-1
52,1113,1012.22998046875,461.92999267578125,163.18994140625,403.15997314453125,1,-1,-1,-1
52,1114,1119.72998046875,249.0,356.27001953125,695.4500122070312,1,-1,-1,-1
52,1115,1371.699951171875,360.5799865722656,349.3299560546875,547.300048828125,1,-1,-1,-1
52,1119,744.4400024414062,293.7099914550781,333.10003662109375,686.4400634765625,1,-1,-1,-1
52,1110,538.9199829101562,383.95001220703125,305.54998779296875,521.6099853515625,1,-1,-1,-1
53,1113,1002.3699951171875,466.04998779296875,176.72998046875,397.17999267578125,1,-1,-1,-1
53,1114,1114.4200439453125,246.47999572753906,351.510009765625,703.510009765625,1,-1,-1,-1
53,1115,1353.1600341796875,346.1400146484375,376.0,561.7999877929688,1,-1,-1,-1
53,1119,719.97998046875,268.67999267578125,338.72998046875,709.5900268554688,1,-1,-1,-1
53,1110,547.5499877929688,351.4100036621094,305.3699951171875,561.989990234375,1,-1,-1,-1
54,1113,1009.260009765625,467.7200012207031,167.570068359375,394.0400085449219,1,-1,-1,-1
54,1114,1097.25,231.4499969482422,333.6700439453125,722.4400024414062,1,-1,-1,-1
54,1115,1350.0,347.4599914550781,364.97998046875,560.31005859375,1,-1,-1,-1
54,1119,729.4500122070312,292.8500061035156,315.11004638671875,682.3499755859375,1,-1,-1,-1
54,1110,647.0,370.5,213.55999755859375,552.530029296875,1,-1,-1,-1
54,1111,565.75,380.6000061035156,193.19000244140625,484.5400085449219,1,-1,-1,-1
55,1113,999.47998046875,475.6400146484375,186.760009765625,385.1400146484375,1,-1,-1,-1
55,1114,1072.989990234375,225.47999572753906,334.0999755859375,729.6500244140625,1,-1,-1,-1
55,1115,1319.77001953125,344.3599853515625,359.0799560546875,562.75,1,-1,-1,-1
55,1119,798.2000122070312,315.7300109863281,246.20001220703125,657.6800537109375,1,-1,-1,-1
55,1110,647.530029296875,380.2900085449219,213.3800048828125,542.0,1,-1,-1,-1
55,1111,568.8200073242188,387.4800109863281,193.8699951171875,476.1900329589844,1,-1,-1,-1
56,1113,1027.75,483.3900146484375,156.93994140625,374.69000244140625,1,-1,-1,-1
56,1114,1067.8599853515625,214.6699981689453,314.1300048828125,740.8699951171875,1,-1,-1,-1
56,1115,1298.6700439453125,329.30999755859375,328.1199951171875,574.8499755859375,1,-1,-1,-1
56,1119,796.3300170898438,344.0299987792969,277.37994384765625,629.27001953125,1,-1,-1,-1
56,1110,645.510009765625,383.54998779296875,235.1600341796875,537.5,1,-1,-1,-1
56,1111,599.3900146484375,396.44000244140625,167.47998046875,466.47003173828125,1,-1,-1,-1
57,1113,1033.8299560546875,485.4599914550781,150.260009765625,371.3299865722656,1,-1,-1,-1
57,1114,1067.8399658203125,215.80999755859375,310.27001953125,740.9600219726562,1,-1,-1,-1
57,1115,1286.2099609375,311.20001220703125,319.6600341796875,591.7000122070312,1,-1,-1,-1
57,1119,779.530029296875,360.30999755859375,296.0899658203125,611.52001953125,1,-1,-1,-1
57,1110,642.6900024414062,390.04998779296875,234.92999267578125,531.9099731445312,1,-1,-1,-1
57,1111,600.489990234375,398.5199890136719,167.20001220703125,460.5100402832031,1,-1,-1,-1
57,1121,1222.3399658203125,497.8500061035156,171.239990234375,346.7300109863281,1,-1,-1,-1
58,1113,1035.699951171875,486.2799987792969,142.06005859375,369.6300354003906,1,-1,-1,-1
58,1114,1121.7900390625,485.7200012207031,121.52001953125,353.0600280761719,1,-1,-1,-1
58,1115,1289.3199462890625,339.6300048828125,315.1700439453125,560.97998046875,1,-1,-1,-1
58,1119,771.280029296875,358.57000732421875,297.3299560546875,611.260009765625,1,-1,-1,-1
58,1110,642.5700073242188,401.7300109863281,235.739990234375,521.5,1,-1,-1,-1
58,1111,602.4199829101562,393.3599853515625,188.6199951171875,470.82000732421875,1,-1,-1,-1
58,1121,1226.510009765625,493.010009765625,168.300048828125,352.3299560546875,1,-1,-1,-1
59,1113,1029.989990234375,495.4599914550781,145.9000244140625,361.0500183105469,1,-1,-1,-1
59,1114,1122.77001953125,500.5400085449219,121.3399658203125,333.6400451660156,1,-1,-1,-1
59,1115,1283.18994140625,355.3699951171875,313.0799560546875,544.8400268554688,1,-1,-1,-1
59,1119,765.530029296875,366.4800109863281,306.0899658203125,600.06005859375,1,-1,-1,-1
59,1110,646.219970703125,405.04998779296875,213.3699951171875,513.8099975585938,1,-1,-1,-1
59,1111,602.1099853515625,404.6000061035156,180.21002197265625,459.4400329589844,1,-1,-1,-1
59,1121,1227.300048828125,469.95001220703125,168.4100341796875,375.3699951171875,1,-1,-1,-1
60,1113,1033.300048828125,501.7300109863281,138.050048828125,354.8599548339844,1,-1,-1,-1
60,1114,1133.739990234375,232.14999389648438,240.56005859375,721.3599853515625,1,-1,-1,-1
60,1115,1284.1099853515625,376.7799987792969,309.27001953125,522.699951171875,1,-1,-1,-1
60,1119,762.6400146484375,381.510009765625,349.8900146484375,593.47998046875,1,-1,-1,-1
60,1110,645.780029296875,420.4800109863281,208.53997802734375,499.5099792480469,1,-1,-1,-1
60,1111,603.1900024414062,424.0299987792969,155.65997314453125,430.3800354003906,1,-1,-1,-1
60,1121,1238.31005859375,464.989990234375,153.6400146484375,379.2099609375,1,-1,-1,-1
61,1113,1032.75,503.489990234375,140.97998046875,352.52001953125,1,-1,-1,-1
61,1114,1117.1800537109375,330.7099914550781,257.7099609375,619.070068359375,1,-1,-1,-1
61,1115,1286.510009765625,416.6600036621094,305.4000244140625,482.0100402832031,1,-1,-1,-1
61,1119,745.5700073242188,386.42999267578125,306.69000244140625,584.260009765625,1,-1,-1,-1
61,1110,644.8599853515625,418.6499938964844,215.33001708984375,499.6200256347656,1,-1,-1,-1
61,1111,603.1099853515625,434.4700012207031,157.52001953125,424.0500183105469,1,-1,-1,-1
61,1121,1248.4100341796875,471.42999267578125,142.050048828125,371.95001220703125,1,-1,-1,-1
61,1126,1125.6500244140625,506.4700012207031,118.489990234375,335.5299987792969,1,-1,-1,-1
62,1113,1038.300048828125,514.6699829101562,130.3800048828125,341.35003662109375,1,-1,-1,-1
62,1114,1118.1500244140625,290.79998779296875,261.0999755859375,659.5399780273438,1,-1,-1,-1
62,1115,1266.97998046875,431.8399963378906,326.2099609375,467.1600036621094,1,-1,-1,-1
62,1119,656.3099975585938,400.9700012207031,392.63995361328125,569.9300537109375,1,-1,-1,-1
62,1111,602.7899780273438,424.79998779296875,172.14996337890625,434.58001708984375,1,-1,-1,-1
62,1126,1125.9100341796875,505.3599853515625,128.5999755859375,341.9200439453125,1,-1,-1,-1
63,1113,1040.469970703125,517.6300048828125,126.0400390625,335.95001220703125,1,-1,-1,-1
63,1114,1094.72998046875,342.19000244140625,289.260009765625,608.1099853515625,1,-1,-1,-1
63,1115,1276.1400146484375,436.3299865722656,317.3499755859375,462.4100036621094,1,-1,-1,-1
63,1119,663.469970703125,413.1400146484375,385.320068359375,557.2999877929688,1,-1,-1,-1
63,1111,602.0900268554688,441.5299987792969,167.75,416.1899719238281,1,-1,-1,-1
63,1126,1123.0899658203125,516.7899780273438,129.9100341796875,324.44000244140625,1,-1,-1,-1
63,1120,934.6699829101562,498.7900085449219,149.25994873046875,395.7400207519531,1,-1,-1,-1
64,1113,1028.5400390625,506.19000244140625,142.760009765625,349.02996826171875,1,-1,-1,-1
64,1114,1067.530029296875,363.1700134277344,316.0799560546875,588.8399658203125,1,-1,-1,-1
64,1115,1280.550048828125,444.2099914550781,314.7900390625,452.2200012207031,1,-1,-1,-1
64,1119,727.7999877929688,430.8299865722656,322.51995849609375,543.6800537109375,1,-1,-1,-1
64,1111,599.760009765625,445.4100036621094,181.42999267578125,414.0400085449219,1,-1,-1,-1
64,1120,920.5700073242188,501.9700012207031,176.02996826171875,390.5700378417969,1,-1,-1,-1
64,1110,661.6199951171875,503.8900146484375,227.52001953125,408.92999267578125,1,-1,-1,-1
65,1113,1044.6400146484375,490.30999755859375,138.1700439453125,363.3699951171875,1,-1,-1,-1
65,1114,1051.02001953125,364.8500061035156,333.030029296875,583.510009765625,1,-1,-1,-1
65,1115,1272.6300048828125,447.260009765625,320.3199462890625,447.42999267578125,1,-1,-1,-1
65,1119,743.530029296875,440.2900085449219,307.5799560546875,532.9000244140625,1,-1,-1,-1
65,1111,594.75,450.6700134277344,194.17999267578125,408.9599914550781,1,-1,-1,-1
65,1120,942.2899780273438,500.7900085449219,147.33001708984375,387.1999816894531,1,-1,-1,-1
65,1110,661.8499755859375,525.77001953125,229.4100341796875,385.57000732421875,1,-1,-1,-1
66,1113,1043.780029296875,483.7799987792969,153.969970703125,369.8700256347656,1,-1,-1,-1
66,1114,1052.77001953125,370.8299865722656,336.179931640625,582.570068359375,1,-1,-1,-1
66,1115,1302.77001953125,454.17999267578125,288.52001953125,439.77996826171875,1,-1,-1,-1
66,1119,732.739990234375,447.4200134277344,319.760009765625,524.52001953125,1,-1,-1,-1
66,1111,593.3499755859375,444.6700134277344,200.6199951171875,418.5000305175781,1,-1,-1,-1
66,1120,951.719970703125,501.80999755859375,149.5999755859375,384.79998779296875,1,-1,-1,-1
66,1110,659.4000244140625,523.3800048828125,229.1300048828125,387.2900390625,1,-1,-1,-1
67,1113,1039.8699951171875,517.5999755859375,139.5899658203125,334.530029296875,1,-1,-1,-1
67,1114,1076.97998046875,374.70001220703125,304.47998046875,577.5399780273438,1,-1,-1,-1
67,1115,1297.3599853515625,456.25,294.8900146484375,438.1199951171875,1,-1,-1,-1
67,1119,781.0499877929688,450.1000061035156,276.73004150390625,515.9200439453125,1,-1,-1,-1
67,1111,593.0999755859375,454.70001220703125,182.42999267578125,407.489990234375,1,-1,-1,-1
67,1120,956.6599731445312,504.0899963378906,144.89996337890625,378.9400329589844,1,-1,-1,-1
67,1110,661.6199951171875,506.6499938964844,215.0,405.6100158691406,1,-1,-1,-1
67,1121,1210.93994140625,513.8300170898438,177.97998046875,329.46002197265625,1,-1,-1,-1
68,1113,1040.3499755859375,507.57000732421875,140.6900634765625,343.98004150390625,1,-1,-1,-1
68,1114,1111.9000244140625,389.42999267578125,264.5999755859375,567.8499755859375,1,-1,-1,-1
68,1115,1313.280029296875,461.989990234375,273.4599609375,431.969970703125,1,-1,-1,-1
68,1119,801.2100219726562,459.3500061035156,276.92999267578125,501.5600280761719,1,-1,-1,-1
68,1111,592.3400268554688,461.3999938964844,207.65997314453125,408.1499938964844,1,-1,-1,-1
68,1120,955.9199829101562,504.3900146484375,160.23004150390625,379.57000732421875,1,-1,-1,-1
68,1110,660.5900268554688,524.469970703125,219.78997802734375,384.8699951171875,1,-1,-1,-1
68,1121,1235.3199462890625,514.1699829101562,149.27001953125,325.53997802734375,1,-1,-1,-1
69,1113,1029.2900390625,505.7900085449219,155.8800048828125,343.5599670410156,1,-1,-1,-1
69,1114,1104.4599609375,395.1600036621094,270.449951171875,564.8599853515625,1,-1,-1,-1
69,1115,1321.8900146484375,462.7200012207031,264.1099853515625,427.3299865722656,1,-1,-1,-1
69,1119,786.239990234375,459.2799987792969,295.8699951171875,499.3800354003906,1,-1,-1,-1
69,1111,592.0499877929688,478.8399963378906,172.72998046875,386.0299987792969,1,-1,-1,-1
69,1120,946.6900024414062,502.9200134277344,167.88995361328125,377.7400207519531,1,-1,-1,-1
69,1110,660.0399780273438,480.04998779296875,178.27001953125,429.510009765625,1,-1,-1,-1
69,1121,1233.0799560546875,511.7799987792969,154.5599365234375,329.8399963378906,1,-1,-1,-1
70,1113,1036.8299560546875,504.8399963378906,137.8299560546875,343.4200134277344,1,-1,-1,-1
70,1114,1100.3699951171875,401.8599853515625,273.489990234375,551.780029296875,1,-1,-1,-1
70,1115,1336.449951171875,461.9100036621094,243.72998046875,424.9900207519531,1,-1,-1,-1
70,1119,770.6400146484375,462.5899963378906,305.4400634765625,492.1099548339844,1,-1,-1,-1
70,1111,589.8900146484375,481.1400146484375,221.27001953125,394.55999755859375,1,-1,-1,-1
70,1120,946.030029296875,503.7099914550781,159.6199951171875,378.1600036621094,1,-1,-1,-1
70,1110,662.4500122070312,512.1199951171875,218.16998291015625,396.5400390625,1,-1,-1,-1
70,1121,1242.699951171875,512.6599731445312,138.4000244140625,325.94000244140625,1,-1,-1,-1
71,1113,1025.050048828125,501.05999755859375,142.5799560546875,356.8800048828125,1,-1,-1,-1
71,1114,1086.0899658203125,410.30999755859375,294.1400146484375,539.7999877929688,1,-1,-1,-1
71,1115,1357.3699951171875,465.25,216.1400146484375,421.80999755859375,1,-1,-1,-1
71,1119,772.77001953125,460.9599914550781,292.969970703125,491.4999694824219,1,-1,-1,-1
71,1111,591.3599853515625,491.0799865722656,218.030029296875,375.0600280761719,1,-1,-1,-1
71,1120,946.6500244140625,504.17999267578125,146.02001953125,373.95001220703125,1,-1,-1,-1
71,1110,666.5900268554688,504.7099914550781,218.41998291015625,403.8999938964844,1,-1,-1,-1
71,1121,1239.0999755859375,512.9400024414062,150.199951171875,325.260009765625,1,-1,-1,-1
72,1113,1011.8300170898438,496.79998779296875,164.41998291015625,371.71002197265625,1,-1,-1,-1
72,1114,1089.18994140625,420.239990234375,311.739990234375,528.6699829101562,1,-1,-1,-1
72,1115,1374.1099853515625,470.0799865722656,197.1199951171875,418.7000427246094,1,-1,-1,-1
72,1119,805.77001953125,460.5299987792969,237.449951171875,494.3500061035156,1,-1,-1,-1
72,1111,586.719970703125,503.3599853515625,199.96002197265625,359.1500244140625,1,-1,-1,-1
72,1120,944.8499755859375,505.3399963378906,148.949951171875,372.3699645996094,1,-1,-1,-1
72,1110,677.719970703125,521.0599975585938,215.219970703125,389.1099853515625,1,-1,-1,-1
72,1121,1240.530029296875,510.9200134277344,171.47998046875,330.3399963378906,1,-1,-1,-1
73,1113,1016.2100219726562,494.239990234375,159.73004150390625,362.3699951171875,1,-1,-1,-1
73,1114,1096.739990234375,430.1600036621094,281.93994140625,510.9599914550781,1,-1,-1,-1
73,1115,1369.260009765625,469.8999938964844,204.4599609375,421.9499816894531,1,-1,-1,-1
73,1111,590.9299926757812,508.4700012207031,209.97003173828125,350.8599548339844,1,-1,-1,-1
73,1120,937.7999877929688,505.7900085449219,155.30999755859375,376.3700256347656,1,-1,-1,-1
73,1110,677.9000244140625,523.6199951171875,230.6500244140625,387.5,1,-1,-1,-1
73,1121,1235.5899658203125,509.5,205.699951171875,336.25,1,-1,-1,-1
74,1113,1016.27001953125,492.5199890136719,179.929931640625,357.8199768066406,1,-1,-1,-1
74,1114,1099.4000244140625,434.7300109863281,271.5,507.4599914550781,1,-1,-1,-1
74,1115,1366.3499755859375,472.17999267578125,204.530029296875,417.97003173828125,1,-1,-1,-1
74,1111,589.719970703125,508.55999755859375,213.71002197265625,350.80999755859375,1,-1,-1,-1
74,1120,927.2100219726562,504.3900146484375,174.45001220703125,385.1199951171875,1,-1,-1,-1
74,1121,1236.02001953125,510.2799987792969,195.260009765625,340.6499938964844,1,-1,-1,-1
75,1113,1012.6500244140625,491.3800048828125,188.8800048828125,356.5799560546875,1,-1,-1,-1
75,1114,1085.18994140625,436.79998779296875,282.5,505.32000732421875,1,-1,-1,-1
75,1115,1300.3399658203125,469.760009765625,274.719970703125,423.70001220703125,1,-1,-1,-1
75,1111,591.4199829101562,506.989990234375,205.10003662109375,351.260009765625,1,-1,-1,-1
75,1120,924.02001953125,504.94000244140625,175.25,381.65997314453125,1,-1,-1,-1
75,1121,1230.5799560546875,510.7200012207031,191.9400634765625,343.6800231933594,1,-1,-1,-1
75,1119,786.5800170898438,446.20001220703125,301.21002197265625,497.65997314453125,1,-1,-1,-1
76,1113,1011.8499755859375,486.489990234375,199.02001953125,362.719970703125,1,-1,-1,-1
76,1114,1094.1700439453125,443.3800048828125,271.27001953125,492.6700439453125,1,-1,-1,-1
76,1115,1296.47998046875,461.6000061035156,277.949951171875,430.4599914550781,1,-1,-1,-1
76,1111,591.739990234375,498.4200134277344,211.0899658203125,361.3700256347656,1,-1,-1,-1
76,1120,930.1599731445312,502.5,176.63006591796875,370.52001953125,1,-1,-1,-1
76,1121,1215.3399658203125,511.2799987792969,223.1300048828125,338.7500305175781,1,-1,-1,-1
76,1119,661.52001953125,428.3900146484375,432.8299560546875,516.5800170898438,1,-1,-1,-1
77,1113,1014.5800170898438,485.2300109863281,190.66998291015625,363.2200012207031,1,-1,-1,-1
77,1114,1098.9200439453125,443.7099914550781,264.3699951171875,490.3899841308594,1,-1,-1,-1
77,1111,592.5399780273438,492.92999267578125,208.53997802734375,365.35003662109375,1,-1,-1,-1
77,1120,920.75,498.8399963378906,192.4200439453125,386.8100280761719,1,-1,-1,-1
77,1121,1215.3599853515625,512.1400146484375,207.6199951171875,335.719970703125,1,-1,-1,-1
77,1119,663.3699951171875,418.8800048828125,447.1900634765625,524.7000122070312,1,-1,-1,-1
78,1113,1007.5599975585938,483.29998779296875,210.71002197265625,364.39996337890625,1,-1,-1,-1
78,1114,1104.9200439453125,441.82000732421875,249.5999755859375,495.59002685546875,1,-1,-1,-1
78,1111,589.5999755859375,503.4800109863281,183.91998291015625,353.5299987792969,1,-1,-1,-1
78,1120,932.010009765625,497.82000732421875,206.5899658203125,367.27996826171875,1,-1,-1,-1
78,1121,1221.47998046875,511.8599853515625,202.8599853515625,332.739990234375,1,-1,-1,-1
78,1119,666.6199951171875,411.54998779296875,449.8199462890625,535.5999755859375,1,-1,-1,-1
79,1113,999.75,481.04998779296875,178.949951171875,365.54998779296875,1,-1,-1,-1
79,1114,1112.5899658203125,440.489990234375,235.8900146484375,496.7900390625,1,-1,-1,-1
79,1111,590.2999877929688,502.260009765625,179.27001953125,358.05999755859375,1,-1,-1,-1
79,1121,1219.6300048828125,510.8299865722656,183.72998046875,333.9999694824219,1,-1,-1,-1
79,1119,674.780029296875,400.05999755859375,424.1500244140625,545.1300048828125,1,-1,-1,-1
79,1115,1345.6500244140625,464.6099853515625,247.5400390625,426.5999755859375,1,-1,-1,-1
80,1113,990.1599731445312,480.0400085449219,181.38995361328125,367.2200012207031,1,-1,-1,-1
80,1114,1107.4000244140625,431.7799987792969,261.8599853515625,505.6200256347656,1,-1,-1,-1
80,1111,577.780029296875,460.8500061035156,252.719970703125,409.9200134277344,1,-1,-1,-1
80,1121,1222.52001953125,511.3900146484375,182.5400390625,332.0999755859375,1,-1,-1,-1
80,1119,681.2100219726562,390.010009765625,433.73992919921875,558.3800048828125,1,-1,-1,-1
80,1115,1355.3399658203125,459.1499938964844,241.800048828125,433.2699890136719,1,-1,-1,-1
81,1113,981.219970703125,475.7300109863281,191.199951171875,370.1199645996094,1,-1,-1,-1
81,1114,1033.1500244140625,429.0400085449219,349.3699951171875,503.4700012207031,1,-1,-1,-1
81,1111,637.6599731445312,456.1300048828125,217.84002685546875,451.75,1,-1,-1,-1
81,1121,1214.97998046875,511.5400085449219,195.3399658203125,330.6799621582031,1,-1,-1,-1
81,1119,684.8499755859375,389.07000732421875,420.9100341796875,555.2999877929688,1,-1,-1,-1
81,1115,1352.719970703125,457.32000732421875,249.9599609375,435.77996826171875,1,-1,-1,-1
82,1114,1108.010009765625,426.9200134277344,277.570068359375,506.1400451660156,1,-1,-1,-1
82,1111,559.7000122070312,458.05999755859375,276.30999755859375,435.17999267578125,1,-1,-1,-1
82,1121,1217.3299560546875,513.3499755859375,190.0799560546875,327.9599609375,1,-1,-1,-1
82,1119,707.6900024414062,389.5799865722656,403.04998779296875,558.0999755859375,1,-1,-1,-1
82,1115,1350.3499755859375,457.2699890136719,253.5999755859375,438.3700256347656,1,-1,-1,-1
82,1120,1011.5900268554688,481.2200012207031,155.14996337890625,363.1700134277344,1,-1,-1,-1
83,1114,1100.4200439453125,428.5299987792969,299.52001953125,513.169921875,1,-1,-1,-1
83,1111,555.280029296875,451.7799987792969,281.6700439453125,432.6100158691406,1,-1,-1,-1
83,1121,1215.4000244140625,513.6799926757812,184.6400146484375,329.47003173828125,1,-1,-1,-1
83,1119,699.8300170898438,388.94000244140625,418.42999267578125,554.2100219726562,1,-1,-1,-1
83,1115,1344.1500244140625,456.6600036621094,257.719970703125,437.2999572753906,1,-1,-1,-1
83,1120,1017.2100219726562,514.3099975585938,147.99993896484375,330.3900146484375,1,-1,-1,-1
84,1114,1079.239990234375,417.0799865722656,337.06005859375,524.800048828125,1,-1,-1,-1
84,1121,1210.9599609375,510.9700012207031,199.56005859375,335.2699890136719,1,-1,-1,-1
84,1119,543.4099731445312,387.95001220703125,575.6900024414062,555.9000244140625,1,-1,-1,-1
84,1115,1345.18994140625,460.1700134277344,262.9100341796875,428.9499816894531,1,-1,-1,-1
84,1120,984.7100219726562,497.3800048828125,180.24993896484375,348.8699951171875,1,-1,-1,-1
85,1114,1092.449951171875,406.45001220703125,312.0799560546875,535.72998046875,1,-1,-1,-1
85,1119,634.2100219726562,388.0,466.87005615234375,556.739990234375,1,-1,-1,-1
85,1115,1219.5999755859375,464.4700012207031,391.780029296875,429.0600280761719,1,-1,-1,-1
85,1120,983.97998046875,489.9700012207031,169.18994140625,355.5799865722656,1,-1,-1,-1
86,1114,997.6699829101562,401.67999267578125,446.94000244140625,534.4500122070312,1,-1,-1,-1
86,1119,542.6500244140625,387.7300109863281,567.3800048828125,559.3499755859375,1,-1,-1,-1
86,1115,1332.6500244140625,462.42999267578125,277.9300537109375,431.1199951171875,1,-1,-1,-1
86,1120,982.030029296875,486.70001220703125,178.3499755859375,358.21002197265625,1,-1,-1,-1
87,1114,1009.8099975585938,404.69000244140625,401.83001708984375,526.9199829101562,1,-1,-1,-1
87,1119,727.6699829101562,390.42999267578125,359.90997314453125,554.0499877929688,1,-1,-1,-1
87,1115,1215.530029296875,456.57000732421875,396.7900390625,436.3800048828125,1,-1,-1,-1
87,1120,976.219970703125,486.489990234375,183.1500244140625,360.3399658203125,1,-1,-1,-1
87,1111,613.8800048828125,436.0400085449219,225.29998779296875,473.3399963378906,1,-1,-1,-1
88,1114,1031.010009765625,398.9800109863281,374.8599853515625,520.1700439453125,1,-1,-1,-1
88,1119,889.8800048828125,465.4100036621094,190.2099609375,413.5000305175781,1,-1,-1,-1
88,1115,1223.9200439453125,461.6300048828125,390.469970703125,428.52001953125,1,-1,-1,-1
88,1111,626.219970703125,425.5899963378906,231.25,484.7699890136719,1,-1,-1,-1
88,1113,972.3400268554688,484.7699890136719,181.53997802734375,365.1100158691406,1,-1,-1,-1
89,1114,1021.3599853515625,399.4599914550781,397.0999755859375,519.3599853515625,1,-1,-1,-1
89,1119,616.8599853515625,391.5299987792969,477.2000732421875,558.5599365234375,1,-1,-1,-1
89,1115,1237.1099853515625,462.9599914550781,373.5699462890625,425.2599792480469,1,-1,-1,-1
89,1111,623.97998046875,426.260009765625,236.80999755859375,481.17999267578125,1,-1,-1,-1
89,1113,970.02001953125,487.2300109863281,189.75,366.7200012207031,1,-1,-1,-1
89,1121,1211.4300537109375,520.3800048828125,143.6199951171875,323.55999755859375,1,-1,-1,-1
90,1114,1026.68994140625,400.5299987792969,386.3900146484375,517.169921875,1,-1,-1,-1
90,1119,579.7100219726562,390.1099853515625,501.42999267578125,558.5499877929688,1,-1,-1,-1
90,1115,1254.0899658203125,463.3699951171875,360.02001953125,425.1400146484375,1,-1,-1,-1
90,1113,969.1300048828125,488.7099914550781,178.050048828125,364.8299865722656,1,-1,-1,-1
90,1121,1220.030029296875,517.0700073242188,133.5899658203125,325.35003662109375,1,-1,-1,-1
91,1114,1024.27001953125,401.4200134277344,368.47998046875,516.530029296875,1,-1,-1,-1
91,1119,579.75,392.3599853515625,511.780029296875,555.489990234375,1,-1,-1,-1
91,1115,1268.1600341796875,460.6700134277344,349.6300048828125,426.9700012207031,1,-1,-1,-1
91,1113,967.5999755859375,487.57000732421875,176.3800048828125,366.01995849609375,1,-1,-1,-1
91,1121,1217.18994140625,515.8300170898438,137.3800048828125,326.72003173828125,1,-1,-1,-1
92,1114,1006.969970703125,399.67999267578125,403.8800048828125,519.72998046875,1,-1,-1,-1
92,1119,676.9299926757812,397.3399963378906,420.98992919921875,552.3699951171875,1,-1,-1,-1
92,1115,1279.06005859375,459.9200134277344,322.3599853515625,426.6899719238281,1,-1,-1,-1
92,1113,968.2000122070312,476.9700012207031,175.29998779296875,374.8100280761719,1,-1,-1,-1
92,1121,1220.4200439453125,513.6400146484375,130.719970703125,328.19000244140625,1,-1,-1,-1
93,1114,1014.3099975585938,396.7300109863281,402.13995361328125,521.550048828125,1,-1,-1,-1
93,1119,587.1099853515625,395.6700134277344,517.9200439453125,554.3599853515625,1,-1,-1,-1
93,1115,1281.4200439453125,449.8999938964844,339.0400390625,438.1300354003906,1,-1,-1,-1
93,1113,966.9299926757812,483.6600036621094,175.48004150390625,368.2799987792969,1,-1,-1,-1
93,1121,1218.239990234375,511.3599853515625,131.22998046875,330.0,1,-1,-1,-1
94,1114,1017.4000244140625,391.79998779296875,391.4000244140625,526.8400268554688,1,-1,-1,-1
94,1119,735.8699951171875,397.4599914550781,372.3900146484375,554.27001953125,1,-1,-1,-1
94,1115,1276.2900390625,443.8999938964844,345.4000244140625,444.3600158691406,1,-1,-1,-1
94,1113,968.010009765625,486.3399963378906,172.800048828125,362.8999938964844,1,-1,-1,-1
94,1121,1220.9100341796875,512.3300170898438,124.3599853515625,328.6400146484375,1,-1,-1,-1
95,1114,1014.1699829101562,389.760009765625,399.55999755859375,529.260009765625,1,-1,-1,-1
95,1119,735.6900024414062,394.92999267578125,359.30999755859375,552.280029296875,1,-1,-1,-1
95,1115,1275.68994140625,442.8599853515625,344.5,445.17999267578125,1,-1,-1,-1
95,1113,967.8599853515625,492.17999267578125,171.989990234375,358.03997802734375,1,-1,-1,-1
95,1121,1221.550048828125,513.2000122070312,123.0,328.09002685546875,1,-1,-1,-1
96,1114,1022.47998046875,390.6000061035156,373.02001953125,528.219970703125,1,-1,-1,-1
96,1119,740.239990234375,394.69000244140625,354.4000244140625,552.4299926757812,1,-1,-1,-1
96,1115,1275.1600341796875,439.07000732421875,342.6700439453125,446.73004150390625,1,-1,-1,-1
96,1113,965.1300048828125,494.95001220703125,158.0999755859375,352.46002197265625,1,-1,-1,-1
96,1121,1225.800048828125,515.6300048828125,117.050048828125,324.1700439453125,1,-1,-1,-1
97,1114,1025.68994140625,392.0400085449219,347.469970703125,526.449951171875,1,-1,-1,-1
97,1119,745.5999755859375,382.8999938964844,345.27001953125,564.469970703125,1,-1,-1,-1
97,1115,1278.4000244140625,438.4599914550781,337.969970703125,451.0899963378906,1,-1,-1,-1
97,1113,966.4000244140625,498.2699890136719,157.1400146484375,351.4100036621094,1,-1,-1,-1
97,1121,1227.52001953125,515.7999877929688,118.449951171875,323.98004150390625,1,-1,-1,-1
98,1114,1016.3499755859375,392.17999267578125,377.75,525.4000244140625,1,-1,-1,-1
98,1119,746.510009765625,381.9100036621094,358.3800048828125,563.3299560546875,1,-1,-1,-1
98,1115,1281.5999755859375,435.57000732421875,330.9200439453125,454.1400146484375,1,-1,-1,-1
98,1113,966.4299926757812,499.5400085449219,157.50994873046875,348.6499938964844,1,-1,-1,-1
98,1121,1228.760009765625,517.0700073242188,117.4000244140625,321.6099853515625,1,-1,-1,-1
98,1111,561.3699951171875,391.1300048828125,265.72998046875,501.20001220703125,1,-1,-1,-1
99,1114,1017.0700073242188,392.17999267578125,381.52996826171875,527.4299926757812,1,-1,-1,-1
99,1119,742.8699951171875,396.54998779296875,348.1300048828125,548.97998046875,1,-1,-1,-1
99,1115,1275.449951171875,434.5299987792969,338.989990234375,455.3700256347656,1,-1,-1,-1
99,1113,967.3699951171875,505.0899963378906,153.4000244140625,342.3299865722656,1,-1,-1,-1
99,1121,1228.27001953125,516.4299926757812,120.989990234375,322.53997802734375,1,-1,-1,-1
99,1111,557.9500122070312,390.3399963378906,270.1199951171875,503.5299987792969,1,-1,-1,-1
100,1114,1013.7899780273438,393.70001220703125,391.85003662109375,528.9099731445312,1,-1,-1,-1
100,1119,742.5499877929688,378.6400146484375,361.52996826171875,568.4000244140625,1,-1,-1,-1
100,1115,1288.6700439453125,430.9599914550781,322.6900634765625,455.6299743652344,1,-1,-1,-1
100,1113,973.8099975585938,503.489990234375,143.85003662109375,346.8599853515625,1,-1,-1,-1
100,1121,1226.699951171875,516.0499877929688,118.1199951171875,324.04998779296875,1,-1,-1,-1
100,1111,561.8499755859375,396.3999938964844,267.3800048828125,496.7400207519531,1,-1,-1,-1
101,1114,1052.47998046875,395.9700012207031,336.010009765625,528.7000732421875,1,-1,-1,-1
101,1119,740.1199951171875,372.5299987792969,366.5400390625,572.280029296875,1,-1,-1,-1
101,1115,1290.6199951171875,431.20001220703125,320.5799560546875,454.77996826171875,1,-1,-1,-1
101,1113,976.2999877929688,502.57000732421875,140.55999755859375,352.10003662109375,1,-1,-1,-1
101,1121,1227.219970703125,515.6500244140625,118.1500244140625,325.4599609375,1,-1,-1,-1
101,1111,564.7899780273438,388.4599914550781,260.94000244140625,505.4200134277344,1,-1,-1,-1
102,1114,1033.8900146484375,397.19000244140625,352.739990234375,526.9400024414062,1,-1,-1,-1
102,1119,740.1900024414062,371.6099853515625,287.95001220703125,571.5999755859375,1,-1,-1,-1
102,1113,973.2999877929688,504.9200134277344,142.87994384765625,351.4200134277344,1,-1,-1,-1
102,1121,1226.4100341796875,517.52001953125,118.8399658203125,322.3399658203125,1,-1,-1,-1
102,1111,562.4400024414062,389.4200134277344,262.07000732421875,502.4399719238281,1,-1,-1,-1
103,1114,1034.469970703125,397.19000244140625,346.6099853515625,524.8900146484375,1,-1,-1,-1
103,1119,734.75,368.55999755859375,311.699951171875,569.6900024414062,1,-1,-1,-1
103,1113,966.4099731445312,505.32000732421875,158.38995361328125,350.85003662109375,1,-1,-1,-1
103,1121,1227.800048828125,517.3200073242188,121.3699951171875,323.239990234375,1,-1,-1,-1
103,1111,561.3499755859375,395.2799987792969,261.9599609375,495.2300109863281,1,-1,-1,-1
103,1115,1288.489990234375,445.7300109863281,316.199951171875,440.8999938964844,1,-1,-1,-1
104,1114,1020.4299926757812,402.0299987792969,341.05999755859375,517.27001953125,1,-1,-1,-1
104,1119,704.6300048828125,372.8999938964844,311.0999755859375,569.6199951171875,1,-1,-1,-1
104,1113,966.0599975585938,503.989990234375,148.36993408203125,348.6700439453125,1,-1,-1,-1
104,1121,1226.9599609375,516.8099975585938,125.949951171875,323.25,1,-1,-1,-1
104,1111,564.2899780273438,392.239990234375,259.77996826171875,492.6500244140625,1,-1,-1,-1
104,1115,1293.8900146484375,461.6000061035156,261.5799560546875,426.1299743652344,1,-1,-1,-1
105,1114,985.0599975585938,397.69000244140625,378.44000244140625,524.77001953125,1,-1,-1,-1
105,1119,705.9400024414062,374.9800109863281,310.73004150390625,566.580078125,1,-1,-1,-1
105,1113,972.0499877929688,503.44000244140625,145.99005126953125,347.92999267578125,1,-1,-1,-1
105,1121,1222.75,516.9500122070312,131.449951171875,321.5,1,-1,-1,-1
105,1111,567.0700073242188,392.80999755859375,254.92999267578125,489.26995849609375,1,-1,-1,-1
105,1115,1292.3499755859375,465.6600036621094,218.469970703125,423.4499816894531,1,-1,-1,-1
106,1114,977.3200073242188,392.4200134277344,383.36993408203125,537.3599853515625,1,-1,-1,-1
106,1119,591.3400268554688,373.42999267578125,432.98004150390625,569.9400024414062,1,-1,-1,-1
106,1113,972.1599731445312,514.2999877929688,140.03997802734375,329.8900146484375,1,-1,-1,-1
106,1121,1227.6400146484375,516.3699951171875,129.0699462890625,322.6700439453125,1,-1,-1,-1
106,1111,575.4500122070312,397.1199951171875,241.67999267578125,480.70001220703125,1,-1,-1,-1
106,1115,1289.8699951171875,461.010009765625,281.780029296875,427.92999267578125,1,-1,-1,-1
107,1114,976.239990234375,393.7099914550781,377.0400390625,537.7100830078125,1,-1,-1,-1
107,1119,588.3200073242188,371.20001220703125,421.42999267578125,574.1099853515625,1,-1,-1,-1
107,1113,880.1199951171875,455.760009765625,142.70001220703125,419.9599609375,1,-1,-1,-1
107,1121,1232.93994140625,516.6199951171875,123.760009765625,321.4599609375,1,-1,-1,-1
107,1111,570.1799926757812,400.6700134277344,243.16998291015625,480.0100402832031,1,-1,-1,-1
107,1115,1285.449951171875,445.5299987792969,315.8499755859375,444.3099670410156,1,-1,-1,-1
108,1114,958.4600219726562,397.5799865722656,368.58001708984375,536.340087890625,1,-1,-1,-1
108,1119,578.9099731445312,369.1000061035156,426.94000244140625,572.5999755859375,1,-1,-1,-1
108,1113,875.0900268554688,453.67999267578125,146.14996337890625,422.78997802734375,1,-1,-1,-1
108,1121,1233.52001953125,519.0599975585938,125.760009765625,322.5,1,-1,-1,-1
108,1111,582.0900268554688,394.4100036621094,231.8699951171875,486.6400451660156,1,-1,-1,-1
108,1115,1278.6199951171875,425.1400146484375,314.1900634765625,465.82000732421875,1,-1,-1,-1
109,1114,956.6500244140625,396.4200134277344,360.280029296875,540.7099609375,1,-1,-1,-1
109,1119,583.0900268554688,364.29998779296875,404.72003173828125,574.47998046875,1,-1,-1,-1
109,1113,881.3200073242188,456.4700012207031,147.49005126953125,419.2200012207031,1,-1,-1,-1
109,1121,1237.1199951171875,523.010009765625,115.9599609375,319.22998046875,1,-1,-1,-1
109,1111,581.1799926757812,394.07000732421875,228.57000732421875,478.39996337890625,1,-1,-1,-1
109,1115,1273.97998046875,427.2699890136719,296.1199951171875,465.4499816894531,1,-1,-1,-1
110,1114,941.75,396.2099914550781,355.8800048828125,537.6300048828125,1,-1,-1,-1
110,1119,581.2000122070312,366.2099914550781,392.17999267578125,570.570068359375,1,-1,-1,-1
110,1113,869.3900146484375,457.6499938964844,166.239990234375,416.2900085449219,1,-1,-1,-1
110,1121,1236.3599853515625,525.7899780273438,118.8199462890625,320.89996337890625,1,-1,-1,-1
110,1111,580.9400024414062,390.8999938964844,230.46002197265625,485.8399963378906,1,-1,-1,-1
110,1115,1250.06005859375,445.1199951171875,321.31005859375,448.19000244140625,1,-1,-1,-1
111,1114,936.9299926757812,400.6199951171875,341.57000732421875,542.1699829101562,1,-1,-1,-1
111,1119,584.6599731445312,361.3699951171875,375.1400146484375,573.739990234375,1,-1,-1,-1
111,1113,861.969970703125,456.4100036621094,176.56005859375,418.3399963378906,1,-1,-1,-1
111,1121,1236.0400390625,528.4000244140625,117.4000244140625,317.72998046875,1,-1,-1,-1
111,1111,584.72998046875,391.239990234375,225.1400146484375,470.75,1,-1,-1,-1
111,1115,1246.3299560546875,429.9200134277344,289.1700439453125,467.7600402832031,1,-1,-1,-1
112,1114,917.0,394.1000061035156,341.699951171875,544.6800537109375,1,-1,-1,-1
112,1119,579.3499755859375,375.2699890136719,368.80999755859375,556.6300048828125,1,-1,-1,-1
112,1113,867.1199951171875,460.6499938964844,155.16998291015625,418.3099670410156,1,-1,-1,-1
112,1121,1235.550048828125,529.1900024414062,119.2099609375,308.42999267578125,1,-1,-1,-1
112,1115,1240.93994140625,443.2200012207031,292.300048828125,457.1299743652344,1,-1,-1,-1
112,1127,1105.02001953125,530.22998046875,114.300048828125,289.19000244140625,1,-1,-1,-1
113,1114,919.6500244140625,390.6300048828125,315.0599365234375,542.4000244140625,1,-1,-1,-1
113,1119,579.1900024414062,379.1000061035156,328.69000244140625,552.7900390625,1,-1,-1,-1
113,1113,858.2000122070312,455.30999755859375,164.96002197265625,423.76995849609375,1,-1,-1,-1
113,1115,1237.52001953125,439.8699951171875,287.510009765625,460.1500244140625,1,-1,-1,-1
113,1127,1108.530029296875,529.25,118.530029296875,289.6199951171875,1,-1,-1,-1
114,1114,929.9600219726562,395.8800048828125,307.24993896484375,546.3200073242188,1,-1,-1,-1
114,1119,582.0800170898438,386.239990234375,322.3599853515625,542.97998046875,1,-1,-1,-1
114,1113,856.260009765625,466.3999938964844,161.71002197265625,409.5799865722656,1,-1,-1,-1
114,1115,1237.47998046875,438.510009765625,285.97998046875,460.69000244140625,1,-1,-1,-1
114,1127,1108.0,527.9299926757812,128.199951171875,290.6199951171875,1,-1,-1,-1
115,1114,903.27001953125,392.92999267578125,329.760009765625,547.6400146484375,1,-1,-1,-1
115,1119,573.6099853515625,387.0799865722656,324.6199951171875,541.570068359375,1,-1,-1,-1
115,1113,846.0499877929688,467.2099914550781,171.59002685546875,409.2200012207031,1,-1,-1,-1
115,1115,1236.280029296875,415.04998779296875,279.8499755859375,483.44000244140625,1,-1,-1,-1
115,1127,1105.7900390625,527.3900146484375,144.0400390625,291.0400390625,1,-1,-1,-1
116,1114,872.6099853515625,385.9599914550781,313.3699951171875,557.2000732421875,1,-1,-1,-1
116,1119,577.6300048828125,398.7300109863281,309.92999267578125,534.590087890625,1,-1,-1,-1
116,1113,826.2999877929688,410.0400085449219,170.54998779296875,460.9299621582031,1,-1,-1,-1
116,1115,1229.9599609375,426.8500061035156,252.5400390625,471.0500183105469,1,-1,-1,-1
116,1127,1099.739990234375,525.7899780273438,183.3399658203125,297.01995849609375,1,-1,-1,-1
117,1114,867.0,375.2699890136719,288.22998046875,569.8599853515625,1,-1,-1,-1
117,1119,579.9500122070312,397.55999755859375,300.96002197265625,539.1900024414062,1,-1,-1,-1
117,1113,828.4500122070312,422.0799865722656,152.19000244140625,449.6399841308594,1,-1,-1,-1
117,1115,1214.4300537109375,421.05999755859375,268.8499755859375,481.08001708984375,1,-1,-1,-1
117,1127,1079.6600341796875,525.4000244140625,225.260009765625,297.6500244140625,1,-1,-1,-1
118,1114,862.219970703125,374.5299987792969,281.320068359375,569.6500244140625,1,-1,-1,-1
118,1119,581.989990234375,397.17999267578125,296.5899658203125,523.5800170898438,1,-1,-1,-1
118,1113,822.1099853515625,413.9800109863281,164.80999755859375,452.1499938964844,1,-1,-1,-1
118,1115,1216.989990234375,421.0899963378906,265.010009765625,490.8399963378906,1,-1,-1,-1
118,1127,1083.5699462890625,524.469970703125,219.6500244140625,301.030029296875,1,-1,-1,-1
119,1114,847.4400024414062,366.3999938964844,279.41998291015625,577.43994140625,1,-1,-1,-1
119,1119,667.0999755859375,399.7699890136719,205.1600341796875,536.429931640625,1,-1,-1,-1
119,1113,815.8099975585938,458.0899963378906,171.02001953125,402.5600280761719,1,-1,-1,-1
119,1115,1202.989990234375,483.9599914550781,221.6600341796875,427.8100280761719,1,-1,-1,-1
119,1127,1083.1500244140625,520.1099853515625,218.77001953125,307.6400146484375,1,-1,-1,-1
120,1114,862.9099731445312,348.54998779296875,252.28997802734375,589.3800048828125,1,-1,-1,-1
120,1113,807.4000244140625,457.489990234375,163.5999755859375,405.19000244140625,1,-1,-1,-1
120,1115,1191.9300537109375,469.3299865722656,213.3399658203125,453.6299743652344,1,-1,-1,-1
120,1127,1081.719970703125,522.02001953125,197.3699951171875,306.8699951171875,1,-1,-1,-1
120,1111,591.5999755859375,396.7200012207031,273.17999267578125,537.6099853515625,1,-1,-1,-1
121,1114,865.02001953125,388.6000061035156,171.3900146484375,554.1700439453125,1,-1,-1,-1
121,1113,806.3800048828125,449.0400085449219,154.6300048828125,410.6799621582031,1,-1,-1,-1
121,1115,1197.3800048828125,466.5,197.9000244140625,457.42999267578125,1,-1,-1,-1
121,1127,1081.77001953125,523.6400146484375,196.989990234375,299.989990234375,1,-1,-1,-1
121,1111,579.260009765625,395.45001220703125,292.0899658203125,538.1099853515625,1,-1,-1,-1
122,1114,854.25,390.05999755859375,184.199951171875,550.739990234375,1,-1,-1,-1
122,1113,797.6300048828125,429.3999938964844,199.219970703125,436.7799987792969,1,-1,-1,-1
122,1115,1167.1400146484375,408.6000061035156,269.739990234375,517.9400634765625,1,-1,-1,-1
122,1127,1088.989990234375,525.989990234375,173.6400146484375,297.20001220703125,1,-1,-1,-1
122,1111,606.1199951171875,397.4200134277344,270.44000244140625,536.43994140625,1,-1,-1,-1
123,1114,974.1099853515625,440.2099914550781,187.9400634765625,409.1499938964844,1,-1,-1,-1
123,1113,795.1500244140625,443.989990234375,171.67999267578125,416.6400146484375,1,-1,-1,-1
123,1115,1145.1800537109375,408.8299865722656,288.8900146484375,512.510009765625,1,-1,-1,-1
123,1127,1124.0400390625,528.9400024414062,130.72998046875,295.66998291015625,1,-1,-1,-1
123,1111,603.0599975585938,402.94000244140625,265.96002197265625,530.9500122070312,1,-1,-1,-1
124,1114,978.1400146484375,441.20001220703125,179.7099609375,400.34002685546875,1,-1,-1,-1
124,1113,798.760009765625,367.9800109863281,215.02001953125,568.080078125,1,-1,-1,-1
124,1115,1149.5899658203125,403.9599914550781,271.0999755859375,524.840087890625,1,-1,-1,-1
124,1127,1142.6300048828125,528.010009765625,131.52001953125,295.45001220703125,1,-1,-1,-1
124,1111,584.1599731445312,408.1099853515625,267.3900146484375,523.2000122070312,1,-1,-1,-1
125,1114,957.5399780273438,439.3500061035156,194.03997802734375,412.6199645996094,1,-1,-1,-1
125,1113,778.6500244140625,369.55999755859375,230.97998046875,565.5499877929688,1,-1,-1,-1
125,1115,1145.800048828125,409.2099914550781,270.030029296875,522.7900390625,1,-1,-1,-1
125,1127,1144.6099853515625,527.1199951171875,136.030029296875,299.47998046875,1,-1,-1,-1
125,1111,585.1400146484375,416.67999267578125,242.9000244140625,509.69000244140625,1,-1,-1,-1
126,1114,956.9000244140625,441.1600036621094,190.530029296875,395.0000305175781,1,-1,-1,-1
126,1113,771.4099731445312,414.25,218.6400146484375,519.72998046875,1,-1,-1,-1
126,1115,1084.1400146484375,397.54998779296875,319.72998046875,535.1400146484375,1,-1,-1,-1
126,1111,573.6599731445312,423.3299865722656,241.92999267578125,497.6499938964844,1,-1,-1,-1
126,1119,879.2100219726562,403.32000732421875,205.58001708984375,462.6199951171875,1,-1,-1,-1
127,1114,960.8200073242188,442.0899963378906,185.73004150390625,397.1900329589844,1,-1,-1,-1
127,1113,763.010009765625,401.29998779296875,217.5,531.9199829101562,1,-1,-1,-1
127,1115,1073.3499755859375,395.6499938964844,321.6600341796875,533.739990234375,1,-1,-1,-1
127,1111,571.4299926757812,434.5,238.95001220703125,486.77001953125,1,-1,-1,-1
127,1119,866.0,404.95001220703125,204.81005859375,458.260009765625,1,-1,-1,-1
128,1114,972.2999877929688,445.69000244140625,163.83001708984375,397.78997802734375,1,-1,-1,-1
128,1113,742.6799926757812,433.4800109863281,220.71002197265625,495.8100280761719,1,-1,-1,-1
128,1115,1089.5999755859375,394.9599914550781,268.1400146484375,533.969970703125,1,-1,-1,-1
128,1111,562.260009765625,418.70001220703125,249.0999755859375,498.05999755859375,1,-1,-1,-1
128,1119,853.989990234375,398.70001220703125,193.969970703125,467.26995849609375,1,-1,-1,-1
128,1121,1214.949951171875,408.8599853515625,153.530029296875,467.8599853515625,1,-1,-1,-1
129,1114,963.8900146484375,449.19000244140625,162.4100341796875,395.76995849609375,1,-1,-1,-1
129,1113,740.77001953125,373.989990234375,214.1500244140625,554.0700073242188,1,-1,-1,-1
129,1115,1070.5799560546875,395.80999755859375,269.4500732421875,533.989990234375,1,-1,-1,-1
129,1111,535.3499755859375,390.5,264.4599609375,522.989990234375,1,-1,-1,-1
129,1119,854.0599975585938,418.6499938964844,175.82000732421875,444.5699768066406,1,-1,-1,-1
129,1121,1211.010009765625,405.3599853515625,157.4200439453125,470.1300048828125,1,-1,-1,-1
130,1114,957.1199951171875,469.1199951171875,174.300048828125,371.92999267578125,1,-1,-1,-1
130,1115,1061.280029296875,399.739990234375,260.68994140625,524.2000122070312,1,-1,-1,-1
130,1111,566.1699829101562,438.510009765625,234.84002685546875,460.739990234375,1,-1,-1,-1
130,1119,854.9199829101562,467.6400146484375,173.46002197265625,396.1500244140625,1,-1,-1,-1
130,1121,1204.1400146484375,409.7799987792969,158.4000244140625,466.1300354003906,1,-1,-1,-1
131,1114,944.260009765625,445.5400085449219,193.949951171875,399.8999938964844,1,-1,-1,-1
131,1115,1057.8800048828125,396.25,250.97998046875,525.5399780273438,1,-1,-1,-1
131,1111,567.3800048828125,435.8699951171875,224.47998046875,465.57000732421875,1,-1,-1,-1
131,1119,822.2999877929688,416.92999267578125,204.92999267578125,449.6300048828125,1,-1,-1,-1
131,1121,1183.1700439453125,407.6400146484375,178.4300537109375,468.1400146484375,1,-1,-1,-1
131,1113,722.8300170898438,384.75,205.010009765625,539.6799926757812,1,-1,-1,-1
132,1114,919.6199951171875,444.4200134277344,204.6099853515625,404.9599914550781,1,-1,-1,-1
132,1115,1028.3199462890625,389.8299865722656,254.2099609375,535.7100830078125,1,-1,-1,-1
132,1111,564.010009765625,453.9599914550781,210.280029296875,437.5299987792969,1,-1,-1,-1
132,1121,1184.0999755859375,399.2099914550781,172.4000244140625,479.1299743652344,1,-1,-1,-1
132,1113,680.6599731445312,379.30999755859375,224.53997802734375,543.239990234375,1,-1,-1,-1
133,1114,908.219970703125,447.69000244140625,211.0799560546875,409.42999267578125,1,-1,-1,-1
133,1115,1012.1699829101562,395.5799865722656,250.40997314453125,531.2000732421875,1,-1,-1,-1
133,1111,561.3900146484375,446.6199951171875,220.3699951171875,443.469970703125,1,-1,-1,-1
133,1121,1153.530029296875,416.3299865722656,195.219970703125,463.3999938964844,1,-1,-1,-1
133,1113,676.9099731445312,390.4599914550781,224.09002685546875,530.9400634765625,1,-1,-1,-1
134,1114,961.8900146484375,506.3299865722656,156.949951171875,344.6900329589844,1,-1,-1,-1
134,1115,986.3800048828125,399.2699890136719,244.7900390625,523.739990234375,1,-1,-1,-1
134,1111,553.75,430.57000732421875,224.510009765625,449.66998291015625,1,-1,-1,-1
134,1121,1151.3599853515625,410.07000732421875,197.550048828125,471.03997802734375,1,-1,-1,-1
134,1113,678.9500122070312,384.6600036621094,221.03997802734375,532.159912109375,1,-1,-1,-1
134,1119,797.6900024414062,455.8399963378906,150.6300048828125,409.1199645996094,1,-1,-1,-1
135,1114,960.489990234375,499.8900146484375,172.929931640625,350.4200439453125,1,-1,-1,-1
135,1115,972.1099853515625,391.30999755859375,252.3199462890625,534.75,1,-1,-1,-1
135,1111,550.4000244140625,450.5299987792969,217.510009765625,425.1499938964844,1,-1,-1,-1
135,1121,1129.5699462890625,424.1000061035156,220.0899658203125,458.1499938964844,1,-1,-1,-1
135,1113,679.1599731445312,374.5400085449219,216.69000244140625,541.510009765625,1,-1,-1,-1
135,1119,796.4400024414062,481.9599914550781,144.34002685546875,383.2200012207031,1,-1,-1,-1
136,1115,967.0900268554688,398.8699951171875,239.58001708984375,525.9600219726562,1,-1,-1,-1
136,1111,535.8300170898438,453.9100036621094,238.16998291015625,419.0699768066406,1,-1,-1,-1
136,1121,1133.8800048828125,438.9599914550781,214.77001953125,446.1199645996094,1,-1,-1,-1
136,1113,642.4500122070312,468.8900146484375,226.09002685546875,437.55999755859375,1,-1,-1,-1
136,1119,768.97998046875,451.4800109863281,155.0,414.3799743652344,1,-1,-1,-1
137,1115,959.27001953125,392.9800109863281,229.9599609375,530.9600830078125,1,-1,-1,-1
137,1111,532.6900024414062,460.20001220703125,226.42999267578125,412.6099853515625,1,-1,-1,-1
137,1121,1143.6199951171875,436.20001220703125,196.97998046875,446.25,1,-1,-1,-1
137,1113,629.010009765625,381.54998779296875,265.719970703125,526.489990234375,1,-1,-1,-1
137,1119,753.4600219726562,448.92999267578125,168.489990234375,409.09002685546875,1,-1,-1,-1
137,1114,857.280029296875,451.9800109863281,178.52001953125,386.1299743652344,1,-1,-1,-1
138,1115,951.47998046875,395.54998779296875,218.93994140625,529.9000244140625,1,-1,-1,-1
138,1111,518.469970703125,452.80999755859375,240.469970703125,418.09002685546875,1,-1,-1,-1
138,1121,1132.0,445.3299865722656,201.030029296875,438.5500183105469,1,-1,-1,-1
138,1113,615.0599975585938,389.4599914550781,257.84002685546875,513.1400146484375,1,-1,-1,-1
138,1119,746.6799926757812,458.4599914550781,171.53997802734375,404.1700134277344,1,-1,-1,-1
138,1114,877.219970703125,497.4599914550781,162.050048828125,353.8899841308594,1,-1,-1,-1
139,1115,923.6599731445312,396.57000732421875,235.53997802734375,527.47998046875,1,-1,-1,-1
139,1111,516.7899780273438,438.4100036621094,240.17999267578125,432.4499816894531,1,-1,-1,-1
139,1121,1145.9000244140625,444.2900085449219,188.199951171875,441.1300354003906,1,-1,-1,-1
139,1113,615.25,390.55999755859375,265.52001953125,512.2999877929688,1,-1,-1,-1
139,1119,744.760009765625,455.7099914550781,150.489990234375,400.8899841308594,1,-1,-1,-1
140,1115,902.1599731445312,396.5799865722656,255.54998779296875,525.8599853515625,1,-1,-1,-1
140,1111,514.75,452.7200012207031,246.57000732421875,418.5400085449219,1,-1,-1,-1
140,1121,1144.6300048828125,445.1199951171875,160.4400634765625,448.6500244140625,1,-1,-1,-1
140,1113,517.8099975585938,381.0400085449219,308.64996337890625,519.8099365234375,1,-1,-1,-1
140,1119,807.47998046875,445.44000244140625,147.3800048828125,409.3699951171875,1,-1,-1,-1
141,1115,854.3300170898438,395.8900146484375,285.89996337890625,524.969970703125,1,-1,-1,-1
141,1111,513.75,385.20001220703125,295.0899658203125,508.14996337890625,1,-1,-1,-1
141,1121,1119.22998046875,464.9800109863281,166.5799560546875,433.1600036621094,1,-1,-1,-1
141,1113,729.1500244140625,460.54998779296875,177.03997802734375,388.80999755859375,1,-1,-1,-1
141,1119,809.3800048828125,456.1499938964844,154.05999755859375,397.2799987792969,1,-1,-1,-1
142,1115,852.9500122070312,393.4100036621094,277.21002197265625,527.22998046875,1,-1,-1,-1
142,1111,514.6500244140625,377.5199890136719,330.92999267578125,513.2999267578125,1,-1,-1,-1
142,1121,1109.6700439453125,484.1600036621094,221.3900146484375,409.7300109863281,1,-1,-1,-1
142,1113,813.1099853515625,464.8900146484375,170.8800048828125,387.5899658203125,1,-1,-1,-1
143,1115,830.47998046875,381.1700134277344,306.22998046875,535.0,1,-1,-1,-1
143,1111,517.219970703125,391.1300048828125,297.45001220703125,500.4100341796875,1,-1,-1,-1
143,1121,981.5900268554688,504.7699890136719,190.36993408203125,337.8900451660156,1,-1,-1,-1
143,1113,813.4500122070312,456.30999755859375,158.82000732421875,396.73004150390625,1,-1,-1,-1
144,1115,803.989990234375,382.0299987792969,280.4100341796875,532.93994140625,1,-1,-1,-1
144,1111,511.54998779296875,396.67999267578125,274.489990234375,500.3800048828125,1,-1,-1,-1
144,1121,991.5700073242188,502.7900085449219,170.21002197265625,354.1100158691406,1,-1,-1,-1
145,1115,795.1599731445312,407.67999267578125,257.10003662109375,505.510009765625,1,-1,-1,-1
145,1111,524.97998046875,393.6099853515625,258.9200439453125,501.9599609375,1,-1,-1,-1
145,1121,1004.6500244140625,513.1300048828125,150.6600341796875,330.6400146484375,1,-1,-1,-1
145,1129,1072.5799560546875,497.92999267578125,158.050048828125,394.52996826171875,1,-1,-1,-1
146,1115,783.739990234375,391.510009765625,240.679931640625,520.4199829101562,1,-1,-1,-1
146,1111,527.6199951171875,388.57000732421875,254.42999267578125,504.29998779296875,1,-1,-1,-1
146,1121,1000.239990234375,511.4200134277344,143.260009765625,330.3600158691406,1,-1,-1,-1
146,1129,1060.9200439453125,498.70001220703125,161.3800048828125,393.60003662109375,1,-1,-1,-1
147,1115,768.5900268554688,408.67999267578125,233.28997802734375,503.04998779296875,1,-1,-1,-1
147,1111,528.260009765625,383.8800048828125,253.08001708984375,496.010009765625,1,-1,-1,-1
147,1121,994.22998046875,490.0,151.0,348.67999267578125,1,-1,-1,-1
147,1129,1052.0400390625,470.82000732421875,169.800048828125,419.28997802734375,1,-1,-1,-1
147,1131,1138.8800048828125,485.29998779296875,196.8699951171875,376.23004150390625,1,-1,-1,-1
148,1115,766.8800048828125,388.760009765625,221.8699951171875,520.010009765625,1,-1,-1,-1
148,1111,527.22998046875,386.6199951171875,252.19000244140625,486.239990234375,1,-1,-1,-1
148,1121,987.0399780273438,536.239990234375,113.71002197265625,299.3800048828125,1,-1,-1,-1
148,1129,1022.3300170898438,441.7699890136719,153.76995849609375,445.8600158691406,1,-1,-1,-1
149,1115,751.25,402.1700134277344,229.6199951171875,502.0899963378906,1,-1,-1,-1
149,1111,525.1900024414062,386.1499938964844,244.29998779296875,484.4200134277344,1,-1,-1,-1
149,1121,984.1699829101562,528.8400268554688,109.19000244140625,306.3599853515625,1,-1,-1,-1
149,1129,1009.75,429.1000061035156,155.8699951171875,460.3599548339844,1,-1,-1,-1
150,1115,742.0999755859375,429.6400146484375,222.21002197265625,467.3499755859375,1,-1,-1,-1
150,1111,522.5,409.3800048828125,236.8399658203125,457.510009765625,1,-1,-1,-1
150,1121,961.5,527.27001953125,149.820068359375,308.3599853515625,1,-1,-1,-1
150,1129,961.719970703125,435.42999267578125,203.699951171875,451.55999755859375,1,-1,-1,-1
150,1131,1114.31005859375,489.3399963378906,234.199951171875,363.9200134277344,1,-1,-1,-1
151,1115,738.3900146484375,420.4700012207031,210.4100341796875,474.0199890136719,1,-1,-1,-1
151,1111,520.5900268554688,427.2799987792969,226.35003662109375,435.3399963378906,1,-1,-1,-1
151,1131,1138.02001953125,466.3500061035156,219.77001953125,385.4400329589844,1,-1,-1,-1
151,1113,946.3900146484375,435.2200012207031,218.1800537109375,451.6900329589844,1,-1,-1,-1
152,1115,718.72998046875,413.4100036621094,197.72998046875,474.7200012207031,1,-1,-1,-1
152,1111,517.9400024414062,451.95001220703125,224.79998779296875,402.59002685546875,1,-1,-1,-1
152,1131,1069.81005859375,439.9700012207031,280.489990234375,414.5600280761719,1,-1,-1,-1
152,1113,900.6400146484375,417.3599853515625,256.22998046875,465.6400146484375,1,-1,-1,-1
152,1114,884.3499755859375,458.4100036621094,141.77001953125,361.7799987792969,1,-1,-1,-1
153,1115,700.8800048828125,428.1000061035156,206.3399658203125,455.4200134277344,1,-1,-1,-1
153,1111,514.780029296875,461.6199951171875,232.5899658203125,392.2099609375,1,-1,-1,-1
153,1131,1070.239990234375,451.0799865722656,275.52001953125,399.2699890136719,1,-1,-1,-1
153,1113,886.0800170898438,419.20001220703125,261.94000244140625,460.8699951171875,1,-1,-1,-1
153,1114,863.489990234375,431.8599853515625,183.030029296875,413.9599609375,1,-1,-1,-1
153,1121,884.010009765625,419.6199951171875,264.050048828125,463.1400146484375,1,-1,-1,-1
154,1115,688.3400268554688,434.2200012207031,203.8900146484375,448.5099792480469,1,-1,-1,-1
154,1111,508.989990234375,455.7699890136719,240.16998291015625,392.5699768066406,1,-1,-1,-1
154,1131,1070.2900390625,436.6300048828125,270.1300048828125,416.4000244140625,1,-1,-1,-1
154,1113,872.27001953125,422.8900146484375,256.489990234375,456.7099609375,1,-1,-1,-1
154,1114,838.1699829101562,440.4700012207031,191.20001220703125,406.3699645996094,1,-1,-1,-1
155,1115,667.260009765625,466.0899963378906,202.719970703125,411.1600036621094,1,-1,-1,-1
155,1113,1054.300048828125,540.02001953125,128.4000244140625,267.52001953125,1,-1,-1,-1
155,1114,865.1699829101562,430.1199951171875,240.88006591796875,445.72998046875,1,-1,-1,-1
156,1115,646.25,414.45001220703125,220.1199951171875,462.45001220703125,1,-1,-1,-1
156,1113,1058.2099609375,528.3099975585938,128.8399658203125,275.54998779296875,1,-1,-1,-1
156,1114,848.1199951171875,445.3299865722656,210.7099609375,393.4700012207031,1,-1,-1,-1
156,1111,505.6199951171875,432.32000732421875,234.1400146484375,408.75,1,-1,-1,-1
156,1131,1094.739990234375,438.7900085449219,216.8599853515625,415.4499816894531,1,-1,-1,-1
157,1115,640.1799926757812,412.760009765625,218.1099853515625,463.4200439453125,1,-1,-1,-1
157,1114,841.6099853515625,436.8399963378906,213.9100341796875,439.3799743652344,1,-1,-1,-1
157,1111,512.6199951171875,418.0299987792969,227.1300048828125,422.7799987792969,1,-1,-1,-1
157,1131,1081.3199462890625,441.3299865722656,227.530029296875,414.6600036621094,1,-1,-1,-1
158,1115,631.780029296875,414.5,217.010009765625,460.05999755859375,1,-1,-1,-1
158,1114,840.719970703125,416.6199951171875,208.679931640625,457.260009765625,1,-1,-1,-1
158,1111,507.6700134277344,445.1400146484375,240.99002075195312,395.9200439453125,1,-1,-1,-1
158,1131,1047.8800048828125,437.55999755859375,255.52001953125,421.32000732421875,1,-1,-1,-1
158,1113,954.1199951171875,466.3500061035156,160.300048828125,358.6199645996094,1,-1,-1,-1
159,1115,625.5900268554688,401.95001220703125,224.8699951171875,470.42999267578125,1,-1,-1,-1
159,1114,840.8499755859375,408.9700012207031,231.9000244140625,461.9999694824219,1,-1,-1,-1
159,1111,506.82000732421875,448.79998779296875,241.67999267578125,394.35003662109375,1,-1,-1,-1
159,1131,1015.7999877929688,443.3999938964844,284.96002197265625,408.1499938964844,1,-1,-1,-1
159,1113,939.2899780273438,527.0,161.86993408203125,300.6600341796875,1,-1,-1,-1
160,1115,606.030029296875,401.94000244140625,205.94000244140625,465.98004150390625,1,-1,-1,-1
160,1114,800.77001953125,419.9599914550781,218.5,450.6900329589844,1,-1,-1,-1
160,1111,513.9400024414062,414.5,206.1099853515625,420.17999267578125,1,-1,-1,-1
160,1131,1010.1699829101562,449.8999938964844,277.12005615234375,407.6300354003906,1,-1,-1,-1
160,1113,933.4199829101562,509.82000732421875,133.74005126953125,321.03997802734375,1,-1,-1,-1
160,1135,745.5999755859375,453.0199890136719,172.52001953125,394.7300109863281,1,-1,-1,-1
161,1115,600.1799926757812,403.8800048828125,205.05999755859375,461.5400390625,1,-1,-1,-1
161,1114,789.2999877929688,432.75,228.54998779296875,436.55999755859375,1,-1,-1,-1
161,1111,513.77001953125,438.6700134277344,200.03997802734375,397.4599914550781,1,-1,-1,-1
161,1131,996.9099731445312,448.0,280.74993896484375,412.4000244140625,1,-1,-1,-1
161,1113,915.4099731445312,514.8200073242188,147.77996826171875,317.8699951171875,1,-1,-1,-1
161,1135,747.5499877929688,440.1600036621094,196.15997314453125,409.7999572753906,1,-1,-1,-1
162,1115,596.1900024414062,415.4800109863281,186.3699951171875,451.5299987792969,1,-1,-1,-1
162,1114,785.3300170898438,435.8999938964844,224.29998779296875,432.4399719238281,1,-1,-1,-1
162,1111,512.8800048828125,437.989990234375,197.280029296875,398.8800048828125,1,-1,-1,-1
162,1131,978.719970703125,443.0199890136719,291.489990234375,412.9900207519531,1,-1,-1,-1
162,1135,745.8800048828125,441.3599853515625,215.91998291015625,419.0999755859375,1,-1,-1,-1
163,1115,576.7100219726562,404.5899963378906,200.04998779296875,461.6900329589844,1,-1,-1,-1
163,1111,515.6699829101562,473.25,204.97003173828125,353.1700439453125,1,-1,-1,-1
163,1131,985.7899780273438,468.07000732421875,219.47003173828125,392.09002685546875,1,-1,-1,-1
163,1135,745.4199829101562,437.4200134277344,236.97998046875,430.8600158691406,1,-1,-1,-1
163,1113,883.1699829101562,495.44000244140625,169.51995849609375,335.34002685546875,1,-1,-1,-1
164,1115,552.2899780273438,413.760009765625,193.32000732421875,450.1400146484375,1,-1,-1,-1
164,1131,944.02001953125,472.1700134277344,222.6099853515625,385.4700012207031,1,-1,-1,-1
164,1113,849.9000244140625,517.8099975585938,180.489990234375,312.64996337890625,1,-1,-1,-1
164,1114,728.8099975585938,430.2200012207031,220.09002685546875,437.4899597167969,1,-1,-1,-1
165,1115,532.530029296875,401.8900146484375,243.239990234375,458.94000244140625,1,-1,-1,-1
165,1131,939.47998046875,471.8900146484375,226.300048828125,389.9000244140625,1,-1,-1,-1
165,1113,855.5700073242188,528.1400146484375,169.84002685546875,303.54998779296875,1,-1,-1,-1
165,1137,1078.3699951171875,512.52001953125,188.8800048828125,321.6500244140625,1,-1,-1,-1
165,1114,722.22998046875,415.1600036621094,227.719970703125,453.1999816894531,1,-1,-1,-1
166,1115,552.4299926757812,409.8399963378906,208.58001708984375,448.6800231933594,1,-1,-1,-1
166,1131,936.7100219726562,469.739990234375,218.58001708984375,393.030029296875,1,-1,-1,-1
166,1113,848.97998046875,507.8599853515625,165.5999755859375,318.20001220703125,1,-1,-1,-1
166,1137,1081.739990234375,461.489990234375,200.010009765625,375.8299560546875,1,-1,-1,-1
166,1114,711.1199951171875,436.6400146484375,220.260009765625,428.489990234375,1,-1,-1,-1
167,1115,552.0800170898438,410.7200012207031,184.75,442.8599548339844,1,-1,-1,-1
167,1131,917.27001953125,450.9200134277344,260.4200439453125,412.9200134277344,1,-1,-1,-1
167,1113,801.7100219726562,463.1000061035156,188.33001708984375,367.9999694824219,1,-1,-1,-1
167,1137,1077.06005859375,459.3699951171875,204.6500244140625,378.9100341796875,1,-1,-1,-1
168,1115,547.219970703125,408.239990234375,164.03997802734375,438.489990234375,1,-1,-1,-1
168,1131,911.9299926757812,449.5,215.67999267578125,414.47998046875,1,-1,-1,-1
168,1113,858.0800170898438,476.94000244140625,156.3699951171875,352.69000244140625,1,-1,-1,-1
168,1137,1063.8199462890625,462.0199890136719,200.260009765625,376.3099670410156,1,-1,-1,-1
168,1114,711.2999877929688,442.9100036621094,203.91998291015625,420.6700134277344,1,-1,-1,-1
169,1131,896.4400024414062,440.510009765625,226.24993896484375,425.27001953125,1,-1,-1,-1
169,1113,830.2899780273438,463.5400085449219,193.86993408203125,359.3600158691406,1,-1,-1,-1
169,1137,1068.989990234375,478.6600036621094,191.7900390625,360.7600402832031,1,-1,-1,-1
169,1114,674.0399780273438,554.7000122070312,124.8499755859375,244.90997314453125,1,-1,-1,-1
169,1111,543.0499877929688,399.6499938964844,186.3900146484375,447.1899719238281,1,-1,-1,-1
170,1131,890.6099853515625,432.2300109863281,220.4200439453125,435.4599914550781,1,-1,-1,-1
170,1113,805.5999755859375,456.67999267578125,163.82000732421875,365.8699951171875,1,-1,-1,-1
170,1137,1054.010009765625,471.8399963378906,208.47998046875,367.5299987792969,1,-1,-1,-1
170,1114,687.1699829101562,438.260009765625,192.1099853515625,428.2099609375,1,-1,-1,-1
170,1111,533.989990234375,393.4200134277344,220.0899658203125,452.8099670410156,1,-1,-1,-1
171,1131,911.4400024414062,444.57000732421875,191.55999755859375,422.34002685546875,1,-1,-1,-1
171,1113,816.0900268554688,462.1300048828125,162.1400146484375,362.3900146484375,1,-1,-1,-1
171,1137,1050.4000244140625,463.3599853515625,216.6400146484375,375.8800048828125,1,-1,-1,-1
171,1111,535.02001953125,390.42999267578125,215.83001708984375,455.65997314453125,1,-1,-1,-1
172,1131,935.72998046875,449.6499938964844,169.0,412.6799621582031,1,-1,-1,-1
172,1113,819.3900146484375,448.9700012207031,207.52001953125,412.4700012207031,1,-1,-1,-1
172,1137,1042.22998046875,459.2099914550781,186.280029296875,383.0600280761719,1,-1,-1,-1
172,1111,526.5900268554688,404.5299987792969,229.58001708984375,437.6000061035156,1,-1,-1,-1
172,1114,658.3499755859375,438.7300109863281,234.94000244140625,423.0700378417969,1,-1,-1,-1
173,1131,947.8800048828125,466.2099914550781,156.6800537109375,396.3399963378906,1,-1,-1,-1
173,1113,814.5999755859375,449.57000732421875,199.70001220703125,417.07000732421875,1,-1,-1,-1
173,1137,1045.68994140625,462.2200012207031,179.820068359375,381.6399841308594,1,-1,-1,-1
173,1111,529.4400024414062,433.7900085449219,224.8699951171875,410.6200256347656,1,-1,-1,-1
173,1114,649.8599853515625,438.94000244140625,188.20001220703125,397.71002197265625,1,-1,-1,-1
174,1131,945.1900024414062,483.489990234375,149.28997802734375,376.4100341796875,1,-1,-1,-1
174,1113,817.0900268554688,454.79998779296875,208.77996826171875,405.3800048828125,1,-1,-1,-1
174,1137,1034.47998046875,461.260009765625,248.030029296875,380.3800048828125,1,-1,-1,-1
174,1111,532.7999877929688,444.8900146484375,217.02996826171875,395.219970703125,1,-1,-1,-1
174,1114,646.030029296875,442.8599853515625,182.5999755859375,404.29998779296875,1,-1,-1,-1
175,1131,949.9099731445312,511.7799987792969,144.15997314453125,316.9100036621094,1,-1,-1,-1
175,1113,839.3599853515625,460.8399963378906,183.6400146484375,403.7099914550781,1,-1,-1,-1
175,1111,533.6099853515625,450.1099853515625,200.0,387.030029296875,1,-1,-1,-1
175,1114,645.6599731445312,436.260009765625,185.39996337890625,416.0400390625,1,-1,-1,-1
176,1131,946.4299926757812,537.3200073242188,120.74993896484375,284.3900146484375,1,-1,-1,-1
176,1113,810.8900146484375,440.8500061035156,193.69000244140625,425.2499694824219,1,-1,-1,-1
176,1111,529.2000122070312,458.5899963378906,175.42999267578125,371.2300109863281,1,-1,-1,-1
176,1114,652.469970703125,451.44000244140625,170.97998046875,394.3900146484375,1,-1,-1,-1
177,1131,925.5800170898438,522.5599975585938,133.14996337890625,300.95001220703125,1,-1,-1,-1
177,1113,799.5700073242188,446.1400146484375,182.09002685546875,411.7099609375,1,-1,-1,-1
177,1111,525.4400024414062,459.7099914550781,162.55999755859375,366.6800231933594,1,-1,-1,-1
177,1114,647.9400024414062,470.7699890136719,152.59002685546875,376.6700134277344,1,-1,-1,-1
177,1137,1109.510009765625,474.8599853515625,162.1500244140625,355.55999755859375,1,-1,-1,-1
178,1131,929.260009765625,541.6599731445312,126.300048828125,282.71002197265625,1,-1,-1,-1
178,1113,801.4600219726562,452.3299865722656,164.42999267578125,408.4300231933594,1,-1,-1,-1
178,1111,526.2999877929688,465.3900146484375,165.42999267578125,360.739990234375,1,-1,-1,-1
178,1114,629.6400146484375,459.29998779296875,164.8499755859375,383.60003662109375,1,-1,-1,-1
178,1140,1008.9400024414062,475.20001220703125,154.92999267578125,365.35003662109375,1,-1,-1,-1
178,1137,1106.760009765625,463.82000732421875,157.75,369.260009765625,1,-1,-1,-1
179,1131,922.3599853515625,538.9000244140625,127.6300048828125,281.6700439453125,1,-1,-1,-1
179,1113,796.6099853515625,453.44000244140625,162.97998046875,407.1099853515625,1,-1,-1,-1
179,1111,524.4400024414062,464.95001220703125,177.27001953125,363.19000244140625,1,-1,-1,-1
179,1114,618.0499877929688,462.4800109863281,175.91998291015625,381.7900085449219,1,-1,-1,-1
179,1140,1003.8499755859375,468.0,161.1500244140625,375.6500244140625,1,-1,-1,-1
179,1137,1106.6400146484375,464.19000244140625,164.52001953125,366.94000244140625,1,-1,-1,-1
179,1141,746.52001953125,562.4099731445312,116.19000244140625,229.40997314453125,1,-1,-1,-1
180,1131,895.2999877929688,524.8099975585938,151.49005126953125,294.47003173828125,1,-1,-1,-1
180,1113,762.030029296875,450.1499938964844,194.510009765625,411.5400085449219,1,-1,-1,-1
180,1111,531.8300170898438,463.6000061035156,171.60003662109375,363.9100036621094,1,-1,-1,-1
180,1114,607.7000122070312,462.1199951171875,172.3900146484375,379.27001953125,1,-1,-1,-1
180,1140,981.280029296875,449.2799987792969,191.1700439453125,397.2799987792969,1,-1,-1,-1
180,1137,1092.75,466.3699951171875,183.6400146484375,364.22998046875,1,-1,-1,-1
181,1131,911.77001953125,486.05999755859375,148.6700439453125,340.239990234375,1,-1,-1,-1
181,1113,739.760009765625,441.54998779296875,213.42999267578125,420.15997314453125,1,-1,-1,-1
181,1114,605.4099731445312,471.0799865722656,172.92999267578125,368.3799743652344,1,-1,-1,-1
181,1140,985.989990234375,461.4800109863281,163.760009765625,388.1700134277344,1,-1,-1,-1
181,1137,1079.300048828125,472.1600036621094,184.7099609375,364.2900085449219,1,-1,-1,-1
182,1131,929.3300170898438,482.45001220703125,141.00006103515625,345.96002197265625,1,-1,-1,-1
182,1113,736.5399780273438,458.80999755859375,203.80999755859375,401.29998779296875,1,-1,-1,-1
182,1114,603.4099731445312,480.3999938964844,172.30999755859375,354.9800109863281,1,-1,-1,-1
182,1140,980.1599731445312,460.3800048828125,167.82000732421875,388.3699951171875,1,-1,-1,-1
182,1137,1077.1199951171875,483.1600036621094,184.1600341796875,351.1799621582031,1,-1,-1,-1
183,1113,730.8699951171875,459.5899963378906,187.55999755859375,398.2099914550781,1,-1,-1,-1
183,1114,571.72998046875,481.5199890136719,200.4000244140625,353.7099914550781,1,-1,-1,-1
183,1140,953.02001953125,454.6400146484375,185.429931640625,394.54998779296875,1,-1,-1,-1
183,1137,1067.8900146484375,492.2799987792969,179.0599365234375,339.2500305175781,1,-1,-1,-1
