3,1,772.24,371.68,301.60,564.38,1,-1,-1,-1
3,2,588.96,390.17,183.26,459.67,1,-1,-1,-1
3,3,660.08,405.85,206.31,490.03,1,-1,-1,-1
3,4,1116.50,320.04,247.06,600.23,1,-1,-1,-1
3,6,1279.80,417.94,201.55,450.13,1,-1,-1,-1
3,7,1012.92,486.85,188.75,352.17,1,-1,-1,-1
3,10,893.75,439.29,173.25,425.66,1,-1,-1,-1
4,1,845.88,433.52,228.04,496.35,1,-1,-1,-1
4,2,582.88,385.89,171.70,464.85,1,-1,-1,-1
4,3,659.05,416.41,207.26,480.93,1,-1,-1,-1
4,4,1111.14,364.11,259.05,555.39,1,-1,-1,-1
4,6,1287.44,348.91,224.52,522.91,1,-1,-1,-1
4,7,1010.64,484.59,178.01,356.58,1,-1,-1,-1
4,9,726.48,388.83,332.24,543.01,1,-1,-1,-1
4,10,878.46,443.04,189.63,440.01,1,-1,-1,-1
5,1,848.47,443.69,225.70,487.95,1,-1,-1,-1
5,2,589.80,436.16,161.32,417.04,1,-1,-1,-1
5,3,647.88,434.49,215.98,460.89,1,-1,-1,-1
5,4,1130.03,366.94,240.82,556.21,1,-1,-1,-1
5,6,1289.55,350.72,258.42,526.12,1,-1,-1,-1
5,7,1015.96,490.30,163.22,352.40,1,-1,-1,-1
5,9,687.30,401.36,325.14,507.95,1,-1,-1,-1
5,10,878.46,443.04,189.63,440.01,1,-1,-1,-1
6,1,860.37,449.14,209.67,433.10,1,-1,-1,-1
6,2,581.58,387.47,166.96,470.23,1,-1,-1,-1
6,3,644.53,438.15,210.48,456.71,1,-1,-1,-1
6,4,1131.51,363.88,249.25,563.55,1,-1,-1,-1
6,6,1294.64,351.79,268.53,527.88,1,-1,-1,-1
6,7,1018.12,494.98,156.58,348.74,1,-1,-1,-1
6,8,1095.61,479.43,160.60,343.47,1,-1,-1,-1
6,9,735.97,402.93,326.49,535.82,1,-1,-1,-1
6,10,911.49,452.48,172.85,391.70,1,-1,-1,-1
7,1,774.63,407.11,287.71,532.69,1,-1,-1,-1
7,2,564.87,375.79,178.89,486.49,1,-1,-1,-1
7,3,638.04,428.06,196.74,457.35,1,-1,-1,-1
7,4,1119.56,324.31,258.21,605.19,1,-1,-1,-1
7,6,1294.50,339.55,265.04,544.00,1,-1,-1,-1
7,7,1020.23,497.71,149.18,348.00,1,-1,-1,-1
7,8,1095.61,479.43,160.60,343.47,1,-1,-1,-1
7,9,670.50,408.37,260.00,496.10,1,-1,-1,-1
7,10,935.67,462.88,154.42,367.29,1,-1,-1,-1
8,1,777.45,408.66,284.96,539.34,1,-1,-1,-1
8,2,570.41,389.12,175.94,474.28,1,-1,-1,-1
8,3,638.04,428.06,196.74,457.35,1,-1,-1,-1
8,4,1118.57,317.73,259.22,613.32,1,-1,-1,-1
8,6,1284.37,331.93,320.43,552.52,1,-1,-1,-1
8,7,1020.76,496.62,157.48,354.51,1,-1,-1,-1
8,8,1095.61,479.43,160.60,343.47,1,-1,-1,-1
8,9,664.70,412.88,257.34,489.16,1,-1,-1,-1
8,10,931.33,473.33,154.08,363.86,1,-1,-1,-1
9,1,773.30,407.47,295.31,541.97,1,-1,-1,-1
9,2,568.80,370.39,185.65,497.87,1,-1,-1,-1
9,3,638.04,428.06,196.74,457.35,1,-1,-1,-1
9,4,1118.70,358.48,259.26,572.68,1,-1,-1,-1
9,6,1315.90,384.15,277.04,504.97,1,-1,-1,-1
9,7,1006.95,499.59,169.26,356.00,1,-1,-1,-1
9,8,1089.48,502.06,171.18,348.92,1,-1,-1,-1
9,9,661.19,420.59,256.16,482.29,1,-1,-1,-1
9,10,929.96,510.01,155.53,349.46,1,-1,-1,-1
10,1,788.55,416.89,282.98,535.95,1,-1,-1,-1
10,2,590.38,438.31,182.37,428.97,1,-1,-1,-1
10,3,638.04,428.06,196.74,457.35,1,-1,-1,-1
10,4,1110.20,383.26,265.19,548.40,1,-1,-1,-1
10,6,1327.87,387.55,270.23,502.50,1,-1,-1,-1
10,7,1014.77,501.89,171.02,357.14,1,-1,-1,-1
10,8,1030.73,503.92,176.04,349.18,1,-1,-1,-1
10,9,662.65,426.38,244.33,476.87,1,-1,-1,-1
10,10,946.29,517.61,158.21,348.41,1,-1,-1,-1
11,1,788.86,425.00,262.59,525.81,1,-1,-1,-1
11,2,590.92,458.96,195.23,408.08,1,-1,-1,-1
11,3,638.04,428.06,196.74,457.35,1,-1,-1,-1
11,4,1097.66,389.17,277.12,546.12,1,-1,-1,-1
11,6,1338.03,385.84,254.08,503.62,1,-1,-1,-1
11,7,906.37,455.85,181.31,416.13,1,-1,-1,-1
11,8,1016.91,502.77,165.14,352.54,1,-1,-1,-1
11,9,665.19,429.80,252.98,473.37,1,-1,-1,-1
11,10,922.66,488.45,174.87,384.29,1,-1,-1,-1
12,1,792.30,430.05,232.75,522.79,1,-1,-1,-1
12,2,586.04,471.66,171.57,388.32,1,-1,-1,-1
12,3,656.92,438.14,165.86,440.65,1,-1,-1,-1
12,4,1112.00,404.94,262.58,526.82,1,-1,-1,-1
12,5,1344.61,398.18,231.07,488.43,1,-1,-1,-1
12,6,1362.47,430.01,228.11,456.94,1,-1,-1,-1
12,7,906.37,455.85,181.31,416.13,1,-1,-1,-1
12,8,1017.68,503.24,168.28,356.73,1,-1,-1,-1
12,9,664.94,427.09,254.52,477.28,1,-1,-1,-1
12,10,902.04,501.75,172.57,373.60,1,-1,-1,-1
12,12,1234.71,520.82,148.06,280.61,1,-1,-1,-1
13,1,792.97,435.39,216.78,517.89,1,-1,-1,-1
13,2,586.27,476.89,162.98,387.35,1,-1,-1,-1
13,3,662.73,439.09,164.76,460.56,1,-1,-1,-1
13,4,1109.82,411.01,262.94,521.03,1,-1,-1,-1
13,5,1344.61,398.18,231.07,488.43,1,-1,-1,-1
13,6,1360.07,419.51,231.75,466.11,1,-1,-1,-1
13,7,906.37,455.85,181.31,416.13,1,-1,-1,-1
13,8,1015.58,507.39,163.47,351.71,1,-1,-1,-1
13,9,665.16,431.19,247.31,474.67,1,-1,-1,-1
13,10,894.06,505.18,176.86,368.43,1,-1,-1,-1
13,12,1244.55,523.67,139.61,271.83,1,-1,-1,-1
14,1,793.14,439.37,205.84,513.97,1,-1,-1,-1
14,2,575.93,478.28,173.34,384.73,1,-1,-1,-1
14,3,657.09,439.97,179.70,462.64,1,-1,-1,-1
14,4,1105.18,323.96,267.91,609.35,1,-1,-1,-1
14,5,1344.61,398.18,231.07,488.43,1,-1,-1,-1
14,6,1368.84,391.22,236.28,493.70,1,-1,-1,-1
14,7,906.37,455.85,181.31,416.13,1,-1,-1,-1
14,8,995.57,502.02,184.23,363.06,1,-1,-1,-1
14,9,659.18,432.96,234.58,474.59,1,-1,-1,-1
14,10,892.85,511.14,175.26,364.85,1,-1,-1,-1
14,12,1237.12,517.31,175.25,320.65,1,-1,-1,-1
15,1,795.01,436.78,201.12,514.16,1,-1,-1,-1
15,2,585.09,491.21,158.08,367.85,1,-1,-1,-1
15,3,655.36,462.97,192.08,438.96,1,-1,-1,-1
15,4,1113.64,410.99,258.14,518.61,1,-1,-1,-1
15,5,1344.61,398.18,231.07,488.43,1,-1,-1,-1
15,6,1379.27,436.69,217.66,444.33,1,-1,-1,-1
15,7,1002.16,499.37,168.51,367.24,1,-1,-1,-1
15,8,1079.80,478.21,177.85,372.43,1,-1,-1,-1
15,9,659.18,432.96,234.58,474.59,1,-1,-1,-1
15,10,896.59,514.51,167.28,361.19,1,-1,-1,-1
15,12,1237.97,518.09,159.84,283.50,1,-1,-1,-1
16,1,790.99,438.95,210.14,511.47,1,-1,-1,-1
16,2,595.58,493.33,153.51,365.30,1,-1,-1,-1
16,3,646.34,490.20,183.79,407.10,1,-1,-1,-1
16,4,1116.38,421.70,254.29,509.98,1,-1,-1,-1
16,5,1344.61,398.18,231.07,488.43,1,-1,-1,-1
16,6,1383.93,437.78,225.27,445.94,1,-1,-1,-1
16,7,1010.19,505.13,187.19,362.79,1,-1,-1,-1
16,8,1079.80,478.21,177.85,372.43,1,-1,-1,-1
16,9,695.47,448.03,224.06,462.51,1,-1,-1,-1
16,10,917.86,522.21,161.49,351.03,1,-1,-1,-1
16,12,1226.78,514.35,184.86,318.77,1,-1,-1,-1
17,1,788.80,437.51,201.01,513.77,1,-1,-1,-1
17,2,592.62,493.91,154.87,370.06,1,-1,-1,-1
17,3,634.29,488.62,189.87,416.13,1,-1,-1,-1
17,4,1118.30,422.65,252.78,509.54,1,-1,-1,-1
17,5,1344.61,398.18,231.07,488.43,1,-1,-1,-1
17,6,1386.77,454.36,229.43,428.78,1,-1,-1,-1
17,7,1009.20,505.57,191.78,359.24,1,-1,-1,-1
17,8,1079.80,478.21,177.85,372.43,1,-1,-1,-1
17,9,689.82,458.39,232.23,453.40,1,-1,-1,-1
17,10,897.90,523.49,177.83,351.55,1,-1,-1,-1
17,12,1241.90,511.88,159.80,319.25,1,-1,-1,-1
18,1,789.98,437.73,197.98,514.70,1,-1,-1,-1
18,2,595.44,494.70,153.80,373.12,1,-1,-1,-1
18,3,605.89,487.60,207.99,418.34,1,-1,-1,-1
18,4,1119.16,430.29,253.50,500.00,1,-1,-1,-1
18,6,1390.20,460.18,232.98,423.92,1,-1,-1,-1
18,7,950.40,523.74,153.86,347.04,1,-1,-1,-1
18,8,1019.51,503.10,180.93,356.73,1,-1,-1,-1
18,9,690.66,458.69,225.92,449.76,1,-1,-1,-1
18,10,886.17,525.27,178.21,350.72,1,-1,-1,-1
18,12,1304.71,510.67,128.86,273.06,1,-1,-1,-1
19,1,798.27,440.66,200.77,514.04,1,-1,-1,-1
19,2,595.44,494.70,153.80,373.12,1,-1,-1,-1
19,3,595.85,491.17,212.33,417.27,1,-1,-1,-1
19,4,1120.99,432.31,247.87,497.16,1,-1,-1,-1
19,5,1441.98,461.20,186.18,418.41,1,-1,-1,-1
19,6,1392.18,460.98,228.66,425.37,1,-1,-1,-1
19,7,926.81,526.23,155.14,350.79,1,-1,-1,-1
19,8,1028.65,505.84,162.88,356.46,1,-1,-1,-1
19,9,706.48,461.37,209.58,444.32,1,-1,-1,-1
19,10,865.67,523.51,203.27,384.96,1,-1,-1,-1
19,12,1304.71,510.67,128.86,273.06,1,-1,-1,-1
20,1,793.38,440.01,219.80,516.57,1,-1,-1,-1
20,2,590.01,486.35,202.16,420.78,1,-1,-1,-1
20,3,716.46,497.17,182.00,406.77,1,-1,-1,-1
20,4,1119.56,434.38,251.44,498.71,1,-1,-1,-1
20,5,1441.98,461.20,186.18,418.41,1,-1,-1,-1
20,6,1394.33,464.58,232.87,419.06,1,-1,-1,-1
20,7,926.81,526.23,155.14,350.79,1,-1,-1,-1
20,8,1020.47,504.72,169.99,353.18,1,-1,-1,-1
20,9,727.06,453.29,228.65,455.17,1,-1,-1,-1
20,10,867.33,522.43,220.90,441.51,1,-1,-1,-1
20,12,1279.56,491.88,150.32,338.57,1,-1,-1,-1
21,1,788.50,445.05,322.18,557.82,1,-1,-1,-1
21,2,588.52,481.64,211.83,433.51,1,-1,-1,-1
21,3,716.46,497.17,182.00,406.77,1,-1,-1,-1
21,4,1118.13,434.44,255.72,499.69,1,-1,-1,-1
21,5,1441.98,461.20,186.18,418.41,1,-1,-1,-1
21,6,1392.20,467.94,240.84,414.99,1,-1,-1,-1
21,7,926.81,526.23,155.14,350.79,1,-1,-1,-1
21,8,1018.43,502.92,175.08,361.32,1,-1,-1,-1
21,9,772.31,441.01,234.91,510.87,1,-1,-1,-1
21,10,851.27,519.15,257.15,473.25,1,-1,-1,-1
21,12,1280.63,509.86,165.93,325.81,1,-1,-1,-1
22,1,781.25,439.95,372.72,616.49,1,-1,-1,-1
22,2,586.18,481.87,210.03,437.07,1,-1,-1,-1
22,3,721.68,445.89,262.01,477.42,1,-1,-1,-1
22,4,1120.30,433.98,267.41,500.55,1,-1,-1,-1
22,5,1441.98,461.20,186.18,418.41,1,-1,-1,-1
22,6,1388.91,470.65,235.37,413.88,1,-1,-1,-1
22,7,1009.93,506.88,170.39,357.13,1,-1,-1,-1
22,8,1105.05,503.08,184.87,384.62,1,-1,-1,-1
22,9,855.97,510.99,217.14,395.81,1,-1,-1,-1
22,10,883.69,520.64,201.86,379.50,1,-1,-1,-1
22,12,1290.29,510.87,144.64,325.48,1,-1,-1,-1
23,1,787.32,438.29,381.51,610.94,1,-1,-1,-1
23,2,583.06,479.54,209.70,443.64,1,-1,-1,-1
23,3,724.77,439.93,262.96,484.14,1,-1,-1,-1
23,4,1120.85,430.81,290.96,504.53,1,-1,-1,-1
23,5,1441.98,461.20,186.18,418.41,1,-1,-1,-1
23,6,1377.95,473.23,239.37,411.74,1,-1,-1,-1
23,7,1018.97,503.63,172.68,356.95,1,-1,-1,-1
23,8,1105.05,503.08,184.87,384.62,1,-1,-1,-1
23,9,855.97,510.99,217.14,395.81,1,-1,-1,-1
23,10,892.21,517.02,192.61,372.80,1,-1,-1,-1
23,12,1289.79,512.65,146.87,335.80,1,-1,-1,-1
24,1,784.44,433.71,388.20,599.38,1,-1,-1,-1
24,2,584.67,453.43,215.03,466.13,1,-1,-1,-1
24,3,717.65,438.21,275.29,486.96,1,-1,-1,-1
24,4,1121.51,427.08,283.40,508.81,1,-1,-1,-1
24,5,1441.98,461.20,186.18,418.41,1,-1,-1,-1
24,6,1374.39,474.87,218.24,412.21,1,-1,-1,-1
24,7,1024.30,498.32,163.72,356.00,1,-1,-1,-1
24,8,1105.05,503.08,184.87,384.62,1,-1,-1,-1
24,9,855.97,510.99,217.14,395.81,1,-1,-1,-1
24,10,896.81,511.37,186.55,372.51,1,-1,-1,-1
24,12,1281.67,510.77,160.69,345.17,1,-1,-1,-1
25,1,771.37,447.98,410.17,584.19,1,-1,-1,-1
25,2,575.33,435.06,226.68,478.52,1,-1,-1,-1
25,3,603.98,432.91,222.33,487.91,1,-1,-1,-1
25,4,1119.92,424.57,272.64,511.37,1,-1,-1,-1
25,6,1377.91,474.58,217.39,412.05,1,-1,-1,-1
25,7,1026.14,494.41,157.20,357.03,1,-1,-1,-1
25,8,1105.05,503.08,184.87,384.62,1,-1,-1,-1
25,9,722.82,438.49,281.23,504.17,1,-1,-1,-1
25,10,904.18,506.89,180.19,372.92,1,-1,-1,-1
25,11,577.43,443.63,217.15,430.87,1,-1,-1,-1
25,12,1266.70,507.93,177.24,348.75,1,-1,-1,-1
26,1,760.99,444.76,436.98,583.69,1,-1,-1,-1
26,2,618.54,446.93,211.95,470.83,1,-1,-1,-1
26,3,579.08,462.38,197.81,410.23,1,-1,-1,-1
26,4,1120.17,425.76,365.77,505.51,1,-1,-1,-1
26,6,1378.76,473.94,215.34,412.04,1,-1,-1,-1
26,7,1026.04,491.55,162.64,359.27,1,-1,-1,-1
26,8,1119.90,431.04,262.09,499.69,1,-1,-1,-1
26,9,703.34,427.10,296.93,516.84,1,-1,-1,-1
26,10,905.72,505.52,185.78,376.83,1,-1,-1,-1
26,11,609.67,451.71,207.16,464.31,1,-1,-1,-1
26,12,1266.70,507.93,177.24,348.75,1,-1,-1,-1
27,1,728.82,447.30,479.69,580.08,1,-1,-1,-1
27,2,595.93,444.46,220.29,475.94,1,-1,-1,-1
27,3,577.67,465.25,186.33,410.34,1,-1,-1,-1
27,4,1122.60,421.16,428.01,510.42,1,-1,-1,-1
27,6,1381.41,475.61,314.77,415.87,1,-1,-1,-1
27,7,1024.29,487.74,166.00,363.55,1,-1,-1,-1
27,8,1119.90,431.04,262.09,499.69,1,-1,-1,-1
27,9,703.77,421.74,302.87,530.69,1,-1,-1,-1
27,10,900.35,498.71,191.39,388.29,1,-1,-1,-1
27,11,609.67,451.71,207.16,464.31,1,-1,-1,-1
27,12,1271.69,505.90,185.89,368.88,1,-1,-1,-1
28,1,743.12,436.67,477.08,581.84,1,-1,-1,-1
28,2,575.90,435.87,243.11,481.52,1,-1,-1,-1
28,3,577.67,465.25,186.33,410.34,1,-1,-1,-1
28,4,1119.93,415.37,432.98,530.05,1,-1,-1,-1
28,5,1392.46,477.81,321.19,410.78,1,-1,-1,-1
28,6,1388.56,478.60,225.26,413.07,1,-1,-1,-1
28,7,1028.23,476.88,165.43,375.11,1,-1,-1,-1
28,8,1119.90,431.04,262.09,499.69,1,-1,-1,-1
28,9,704.05,416.65,296.67,527.92,1,-1,-1,-1
28,10,910.74,481.48,185.07,395.85,1,-1,-1,-1
28,11,609.67,451.71,207.16,464.31,1,-1,-1,-1
28,12,1279.15,504.63,175.00,360.38,1,-1,-1,-1
29,1,727.45,432.14,495.04,584.35,1,-1,-1,-1
29,2,579.13,430.35,243.74,491.48,1,-1,-1,-1
29,3,576.26,445.66,190.70,440.01,1,-1,-1,-1
29,4,1108.99,407.99,420.34,539.14,1,-1,-1,-1
29,5,1388.24,476.11,342.16,413.79,1,-1,-1,-1
29,6,1385.70,479.64,237.63,409.67,1,-1,-1,-1
29,7,1028.82,470.55,163.17,379.96,1,-1,-1,-1
29,8,1119.90,431.04,262.09,499.69,1,-1,-1,-1
29,9,700.51,411.61,300.81,540.06,1,-1,-1,-1
29,10,908.03,473.52,195.14,402.10,1,-1,-1,-1
29,11,613.16,430.84,220.73,482.80,1,-1,-1,-1
29,12,1279.15,504.63,175.00,360.38,1,-1,-1,-1
30,1,747.83,421.96,468.71,582.84,1,-1,-1,-1
30,2,576.26,425.94,229.64,494.60,1,-1,-1,-1
30,3,576.26,445.66,190.70,440.01,1,-1,-1,-1
30,4,1113.47,404.23,412.73,541.53,1,-1,-1,-1
30,5,1389.73,472.87,345.53,416.40,1,-1,-1,-1
30,6,1385.70,479.64,237.63,409.67,1,-1,-1,-1
30,7,1033.31,464.39,158.45,383.06,1,-1,-1,-1
30,8,1119.90,431.04,262.09,499.69,1,-1,-1,-1
30,9,694.87,403.96,311.86,536.17,1,-1,-1,-1
30,10,918.00,465.31,189.03,404.49,1,-1,-1,-1
30,11,675.75,426.43,266.92,487.02,1,-1,-1,-1
30,12,1279.15,504.63,175.00,360.38,1,-1,-1,-1
31,1,754.78,411.48,441.14,592.96,1,-1,-1,-1
31,2,578.69,418.36,227.44,501.69,1,-1,-1,-1
31,3,575.61,431.20,194.93,485.09,1,-1,-1,-1
31,4,1119.37,397.28,391.71,552.21,1,-1,-1,-1
31,5,1385.19,464.73,348.94,419.88,1,-1,-1,-1
31,6,1387.58,470.57,222.49,419.39,1,-1,-1,-1
31,7,1034.67,461.02,150.09,386.76,1,-1,-1,-1
31,8,1119.90,431.04,262.09,499.69,1,-1,-1,-1
31,9,695.27,389.58,317.58,556.93,1,-1,-1,-1
31,10,919.05,461.64,182.41,403.81,1,-1,-1,-1
31,11,675.75,426.43,266.92,487.02,1,-1,-1,-1
31,12,1279.15,504.63,175.00,360.38,1,-1,-1,-1
32,1,766.31,369.04,382.74,617.20,1,-1,-1,-1
32,2,574.59,410.52,205.13,508.67,1,-1,-1,-1
32,3,575.61,431.20,194.93,485.09,1,-1,-1,-1
32,4,1126.18,387.91,344.89,564.93,1,-1,-1,-1
32,5,1387.38,443.67,322.01,446.91,1,-1,-1,-1
32,6,1385.26,450.23,238.58,440.62,1,-1,-1,-1
32,7,1034.54,459.08,151.84,383.82,1,-1,-1,-1
32,9,669.70,403.69,252.08,514.28,1,-1,-1,-1
32,10,914.19,445.10,183.86,409.04,1,-1,-1,-1
32,11,675.75,426.43,266.92,487.02,1,-1,-1,-1
32,12,1279.15,504.63,175.00,360.38,1,-1,-1,-1
33,1,779.73,355.00,333.53,623.92,1,-1,-1,-1
33,2,571.66,406.60,219.99,511.32,1,-1,-1,-1
33,3,575.61,431.20,194.93,485.09,1,-1,-1,-1
33,4,1125.48,382.91,309.49,569.20,1,-1,-1,-1
33,5,1388.74,444.71,307.84,447.40,1,-1,-1,-1
33,6,1385.26,450.23,238.58,440.62,1,-1,-1,-1
33,7,1041.52,452.11,153.23,389.71,1,-1,-1,-1
33,8,1217.44,476.78,225.24,457.01,1,-1,-1,-1
33,9,669.45,410.31,253.38,502.84,1,-1,-1,-1
33,10,913.97,437.94,195.78,412.38,1,-1,-1,-1
33,11,675.75,426.43,266.92,487.02,1,-1,-1,-1
33,12,1279.15,504.63,175.00,360.38,1,-1,-1,-1
33,13,636.74,407.91,209.34,499.99,1,-1,-1,-1
34,1,748.92,343.56,381.88,620.32,1,-1,-1,-1
34,2,565.68,410.88,222.92,503.93,1,-1,-1,-1
34,3,575.61,431.20,194.93,485.09,1,-1,-1,-1
34,4,1125.06,381.90,285.94,563.04,1,-1,-1,-1
34,5,1392.32,451.83,290.02,446.71,1,-1,-1,-1
34,6,1385.26,450.23,238.58,440.62,1,-1,-1,-1
34,7,1041.65,447.71,148.51,389.19,1,-1,-1,-1
34,8,1217.44,476.78,225.24,457.01,1,-1,-1,-1
34,9,669.86,413.47,263.35,499.93,1,-1,-1,-1
34,10,914.50,430.31,215.00,423.38,1,-1,-1,-1
34,11,675.75,426.43,266.92,487.02,1,-1,-1,-1
34,12,1242.15,490.25,197.96,425.75,1,-1,-1,-1
34,13,636.74,407.91,209.34,499.99,1,-1,-1,-1
35,1,765.43,335.31,327.79,631.14,1,-1,-1,-1
35,2,553.93,388.98,226.40,523.05,1,-1,-1,-1
35,3,556.49,418.28,203.35,493.39,1,-1,-1,-1
35,4,1124.60,375.36,289.94,570.67,1,-1,-1,-1
35,5,1392.51,448.00,270.83,446.34,1,-1,-1,-1
35,6,1385.26,450.23,238.58,440.62,1,-1,-1,-1
35,7,1031.61,445.22,160.27,394.59,1,-1,-1,-1
35,8,1217.44,476.78,225.24,457.01,1,-1,-1,-1
35,9,664.86,411.92,251.57,502.41,1,-1,-1,-1
35,10,895.14,418.58,244.64,461.27,1,-1,-1,-1
35,11,675.75,426.43,266.92,487.02,1,-1,-1,-1
35,12,1246.26,491.81,203.31,414.90,1,-1,-1,-1
35,13,643.69,405.81,204.04,505.29,1,-1,-1,-1
36,1,770.90,331.45,266.80,636.65,1,-1,-1,-1
36,2,538.31,377.34,267.34,512.85,1,-1,-1,-1
36,3,556.49,418.28,203.35,493.39,1,-1,-1,-1
36,4,1124.42,362.91,286.35,587.41,1,-1,-1,-1
36,5,1396.67,440.38,257.65,455.82,1,-1,-1,-1
36,6,1385.26,450.23,238.58,440.62,1,-1,-1,-1
36,7,1009.02,445.16,187.75,398.10,1,-1,-1,-1
36,8,1217.44,476.78,225.24,457.01,1,-1,-1,-1
36,9,664.86,411.92,251.57,502.41,1,-1,-1,-1
36,10,906.13,408.55,245.89,481.43,1,-1,-1,-1
36,12,1276.05,497.25,158.82,379.01,1,-1,-1,-1
36,13,630.87,396.26,217.72,518.30,1,-1,-1,-1
37,1,763.12,333.77,287.48,636.69,1,-1,-1,-1
37,2,525.09,379.15,240.12,493.09,1,-1,-1,-1
37,3,556.49,418.28,203.35,493.39,1,-1,-1,-1
37,4,1081.98,356.40,329.95,597.94,1,-1,-1,-1
37,5,1396.67,440.38,257.65,455.82,1,-1,-1,-1
37,6,1396.75,437.22,214.52,457.41,1,-1,-1,-1
37,7,941.76,414.75,253.92,471.49,1,-1,-1,-1
37,8,1217.44,476.78,225.24,457.01,1,-1,-1,-1
37,9,664.86,411.92,251.57,502.41,1,-1,-1,-1
37,10,910.27,403.22,235.23,480.66,1,-1,-1,-1
37,11,831.82,400.25,272.39,497.86,1,-1,-1,-1
37,12,1290.87,505.47,145.00,353.25,1,-1,-1,-1
37,13,633.73,396.76,220.34,519.22,1,-1,-1,-1
38,1,764.79,330.15,263.81,640.84,1,-1,-1,-1
38,2,525.09,379.15,240.12,493.09,1,-1,-1,-1
38,3,533.50,436.11,189.75,436.93,1,-1,-1,-1
38,4,1102.05,351.90,305.96,599.07,1,-1,-1,-1
38,5,1396.67,440.38,257.65,455.82,1,-1,-1,-1
38,6,1399.21,431.83,212.05,463.81,1,-1,-1,-1
38,7,941.76,414.75,253.92,471.49,1,-1,-1,-1
38,8,1217.44,476.78,225.24,457.01,1,-1,-1,-1
38,9,664.86,411.92,251.57,502.41,1,-1,-1,-1
38,10,857.83,396.72,238.53,518.15,1,-1,-1,-1
38,11,939.37,404.08,239.23,487.08,1,-1,-1,-1
38,12,1275.93,485.15,167.31,356.36,1,-1,-1,-1
38,13,625.16,377.72,225.35,539.60,1,-1,-1,-1
39,1,766.17,310.72,277.52,662.07,1,-1,-1,-1
39,2,564.48,415.64,204.68,453.68,1,-1,-1,-1
39,3,533.01,443.89,179.97,420.75,1,-1,-1,-1
39,4,1047.64,346.38,372.15,606.61,1,-1,-1,-1
39,5,1398.58,428.45,218.00,468.13,1,-1,-1,-1
39,6,1399.21,431.83,212.05,463.81,1,-1,-1,-1
39,7,967.13,441.34,214.15,422.70,1,-1,-1,-1
39,9,664.86,411.92,251.57,502.41,1,-1,-1,-1
39,10,837.98,385.88,240.83,534.38,1,-1,-1,-1
39,11,939.37,404.08,239.23,487.08,1,-1,-1,-1
39,12,1252.76,436.43,188.49,402.72,1,-1,-1,-1
39,13,618.10,371.75,224.54,548.19,1,-1,-1,-1
40,1,765.40,272.27,391.64,706.30,1,-1,-1,-1
40,2,571.05,375.63,191.77,498.56,1,-1,-1,-1
40,3,533.40,383.34,146.53,388.66,1,-1,-1,-1
40,4,1110.78,332.66,320.12,621.55,1,-1,-1,-1
40,5,1398.58,428.45,218.00,468.13,1,-1,-1,-1
40,6,1394.75,415.80,227.42,481.54,1,-1,-1,-1
40,7,1007.03,373.16,201.17,482.51,1,-1,-1,-1
40,9,648.02,366.39,201.34,556.80,1,-1,-1,-1
40,10,837.98,385.88,240.83,534.38,1,-1,-1,-1
40,11,939.37,404.08,239.23,487.08,1,-1,-1,-1
40,12,1229.71,346.35,213.75,494.63,1,-1,-1,-1
40,13,611.26,361.63,232.98,562.58,1,-1,-1,-1
41,1,762.93,259.42,321.85,720.83,1,-1,-1,-1
41,2,560.63,362.47,250.03,552.47,1,-1,-1,-1
41,3,533.40,383.34,146.53,388.66,1,-1,-1,-1
41,4,1114.85,331.33,319.81,619.15,1,-1,-1,-1
41,5,1398.58,428.45,218.00,468.13,1,-1,-1,-1
41,6,1389.54,400.58,221.84,497.08,1,-1,-1,-1
41,7,1016.79,369.93,188.51,481.05,1,-1,-1,-1
41,9,633.62,363.45,202.59,558.22,1,-1,-1,-1
41,10,837.98,385.88,240.83,534.38,1,-1,-1,-1
41,11,939.37,404.08,239.23,487.08,1,-1,-1,-1
41,12,1229.71,346.35,213.75,494.63,1,-1,-1,-1
41,13,577.29,359.88,261.74,565.04,1,-1,-1,-1
42,1,762.50,247.01,352.14,737.70,1,-1,-1,-1
42,2,529.09,346.90,234.91,558.73,1,-1,-1,-1
42,3,533.40,383.34,146.53,388.66,1,-1,-1,-1
42,4,1115.85,320.44,322.04,629.08,1,-1,-1,-1
42,5,1398.58,428.45,218.00,468.13,1,-1,-1,-1
42,6,1392.08,384.18,227.81,516.57,1,-1,-1,-1
42,7,1012.86,370.52,171.05,482.49,1,-1,-1,-1
42,9,641.33,360.52,196.49,565.20,1,-1,-1,-1
42,10,837.98,385.88,240.83,534.38,1,-1,-1,-1
42,11,939.37,404.08,239.23,487.08,1,-1,-1,-1
42,12,1261.86,349.59,179.61,494.27,1,-1,-1,-1
42,13,577.29,359.88,261.74,565.04,1,-1,-1,-1
43,1,764.69,237.94,333.15,747.80,1,-1,-1,-1
43,2,526.28,343.23,250.72,571.68,1,-1,-1,-1
43,3,533.40,383.34,146.53,388.66,1,-1,-1,-1
43,4,1117.30,305.90,330.81,643.08,1,-1,-1,-1
43,5,1398.58,428.45,218.00,468.13,1,-1,-1,-1
43,6,1375.41,328.18,236.24,574.14,1,-1,-1,-1
43,7,1022.10,370.75,178.78,483.08,1,-1,-1,-1
43,9,639.67,365.88,196.47,551.99,1,-1,-1,-1
43,10,852.36,354.32,233.23,569.34,1,-1,-1,-1
43,11,939.37,404.08,239.23,487.08,1,-1,-1,-1
43,12,1261.05,340.68,185.64,503.95,1,-1,-1,-1
43,13,577.29,359.88,261.74,565.04,1,-1,-1,-1
44,1,763.78,280.19,315.78,705.46,1,-1,-1,-1
44,2,521.47,310.20,249.47,573.77,1,-1,-1,-1
44,3,533.40,383.34,146.53,388.66,1,-1,-1,-1
44,4,1119.96,290.29,335.65,660.93,1,-1,-1,-1
44,5,1398.58,428.45,218.00,468.13,1,-1,-1,-1
44,6,1352.33,292.96,258.69,612.62,1,-1,-1,-1
44,7,1031.98,441.58,139.89,412.00,1,-1,-1,-1
44,9,639.67,365.88,196.47,551.99,1,-1,-1,-1
44,10,864.16,395.81,221.22,520.98,1,-1,-1,-1
44,12,1269.59,444.40,177.00,400.11,1,-1,-1,-1
44,13,613.31,347.40,229.47,578.39,1,-1,-1,-1
45,1,759.34,287.41,316.52,698.98,1,-1,-1,-1
45,2,521.47,310.20,249.47,573.77,1,-1,-1,-1
45,3,533.40,383.34,146.53,388.66,1,-1,-1,-1
45,4,1121.38,272.93,308.47,677.68,1,-1,-1,-1
45,6,1340.05,264.61,278.94,640.86,1,-1,-1,-1
45,7,1029.60,452.18,142.30,401.51,1,-1,-1,-1
45,9,639.67,365.88,196.47,551.99,1,-1,-1,-1
45,10,865.17,389.01,222.93,524.10,1,-1,-1,-1
45,12,1266.97,479.84,152.05,365.48,1,-1,-1,-1
45,13,529.70,317.34,314.73,606.07,1,-1,-1,-1
46,1,756.97,235.33,309.30,751.98,1,-1,-1,-1
46,2,521.47,310.20,249.47,573.77,1,-1,-1,-1
46,4,1121.82,256.68,317.28,694.37,1,-1,-1,-1
46,6,1331.02,260.86,315.70,645.32,1,-1,-1,-1
46,7,1012.91,445.84,157.39,412.53,1,-1,-1,-1
46,9,623.53,355.58,216.85,568.48,1,-1,-1,-1
46,10,853.69,370.76,242.78,549.08,1,-1,-1,-1
46,12,1266.97,479.84,152.05,365.48,1,-1,-1,-1
46,13,523.67,334.73,320.04,584.99,1,-1,-1,-1
47,1,749.13,230.27,320.53,756.45,1,-1,-1,-1
47,2,521.45,431.86,218.28,440.04,1,-1,-1,-1
47,4,1118.51,238.28,426.00,712.59,1,-1,-1,-1
47,5,1390.18,369.01,222.84,531.04,1,-1,-1,-1
47,6,1331.02,260.86,315.70,645.32,1,-1,-1,-1
47,7,1017.86,444.58,150.45,413.21,1,-1,-1,-1
47,9,623.53,355.58,216.85,568.48,1,-1,-1,-1
47,10,863.06,379.25,236.36,544.35,1,-1,-1,-1
47,12,1266.97,479.84,152.05,365.48,1,-1,-1,-1
47,13,523.67,334.73,320.04,584.99,1,-1,-1,-1
48,1,763.00,246.46,297.99,743.43,1,-1,-1,-1
48,2,521.45,431.86,218.28,440.04,1,-1,-1,-1
48,4,1118.09,222.86,449.26,725.31,1,-1,-1,-1
48,5,1390.18,369.01,222.84,531.04,1,-1,-1,-1
48,6,1327.74,358.47,397.51,545.53,1,-1,-1,-1
48,7,1017.06,418.87,149.71,438.83,1,-1,-1,-1
48,9,623.53,355.58,216.85,568.48,1,-1,-1,-1
48,10,867.71,332.70,232.31,591.03,1,-1,-1,-1
48,12,1266.97,479.84,152.05,365.48,1,-1,-1,-1
48,13,524.78,310.28,326.39,606.71,1,-1,-1,-1
49,1,758.53,268.57,321.07,719.53,1,-1,-1,-1
49,2,521.45,431.86,218.28,440.04,1,-1,-1,-1
49,4,1117.49,225.03,508.22,721.56,1,-1,-1,-1
49,5,1390.18,369.01,222.84,531.04,1,-1,-1,-1
49,6,1330.69,390.57,404.24,513.30,1,-1,-1,-1
49,7,1026.07,434.19,145.36,423.39,1,-1,-1,-1
49,9,597.67,350.04,248.96,572.86,1,-1,-1,-1
49,10,866.48,305.44,237.81,624.28,1,-1,-1,-1
49,12,1266.97,479.84,152.05,365.48,1,-1,-1,-1
49,13,524.78,310.28,326.39,606.71,1,-1,-1,-1
50,1,746.78,255.65,318.61,734.76,1,-1,-1,-1
50,2,521.45,431.86,218.28,440.04,1,-1,-1,-1
50,4,1120.87,225.38,402.01,719.94,1,-1,-1,-1
50,5,1390.18,369.01,222.84,531.04,1,-1,-1,-1
50,6,1387.27,374.71,351.46,529.25,1,-1,-1,-1
50,7,1030.04,421.72,143.67,439.84,1,-1,-1,-1
50,9,604.92,360.00,247.54,563.22,1,-1,-1,-1
50,10,877.07,341.23,233.17,574.72,1,-1,-1,-1
50,12,1272.16,441.25,171.16,401.29,1,-1,-1,-1
50,13,524.78,310.28,326.39,606.71,1,-1,-1,-1
51,1,751.58,285.30,321.65,699.80,1,-1,-1,-1
51,2,521.45,431.86,218.28,440.04,1,-1,-1,-1
51,4,1121.45,224.70,395.62,718.68,1,-1,-1,-1
51,5,1390.18,369.01,222.84,531.04,1,-1,-1,-1
51,6,1367.29,374.49,380.33,530.73,1,-1,-1,-1
51,7,1022.04,452.70,151.54,409.50,1,-1,-1,-1
51,9,630.82,354.37,221.79,564.78,1,-1,-1,-1
51,10,872.67,358.47,249.75,554.72,1,-1,-1,-1
51,12,1274.31,425.18,174.35,416.65,1,-1,-1,-1
51,13,528.98,360.16,323.65,551.67,1,-1,-1,-1
52,1,745.15,292.87,331.96,687.78,1,-1,-1,-1
52,2,539.63,423.53,224.64,442.18,1,-1,-1,-1
52,4,1119.90,246.57,360.21,697.77,1,-1,-1,-1
52,5,1390.18,369.01,222.84,531.04,1,-1,-1,-1
52,6,1371.26,361.97,352.43,545.64,1,-1,-1,-1
52,7,1013.21,461.01,162.02,403.79,1,-1,-1,-1
52,9,630.82,354.37,221.79,564.78,1,-1,-1,-1
52,10,872.67,358.47,249.75,554.72,1,-1,-1,-1
52,11,1103.83,407.02,187.12,462.77,1,-1,-1,-1
52,12,1270.89,417.12,159.03,424.80,1,-1,-1,-1
52,13,537.93,381.57,307.36,524.62,1,-1,-1,-1
53,1,722.50,271.10,338.05,707.41,1,-1,-1,-1
53,2,539.63,423.53,224.64,442.18,1,-1,-1,-1
53,4,1114.97,246.49,352.38,702.94,1,-1,-1,-1
53,5,1356.86,348.43,360.68,558.72,1,-1,-1,-1
53,6,1353.30,347.44,376.21,560.33,1,-1,-1,-1
53,7,1003.45,465.55,175.26,397.84,1,-1,-1,-1
53,9,630.82,354.37,221.79,564.78,1,-1,-1,-1
53,10,879.61,337.49,204.90,572.05,1,-1,-1,-1
53,11,1103.83,407.02,187.12,462.77,1,-1,-1,-1
53,12,1256.51,398.13,165.79,446.75,1,-1,-1,-1
53,13,546.59,354.43,305.57,558.25,1,-1,-1,-1
53,14,1099.91,422.01,178.88,441.39,1,-1,-1,-1
54,1,728.75,290.67,317.40,684.86,1,-1,-1,-1
54,2,563.14,384.89,196.34,480.30,1,-1,-1,-1
54,4,1099.02,232.95,335.54,720.49,1,-1,-1,-1
54,5,1356.86,348.43,360.68,558.72,1,-1,-1,-1
54,6,1350.33,347.46,366.10,560.31,1,-1,-1,-1
54,7,1008.68,467.50,168.34,394.42,1,-1,-1,-1
54,9,645.38,368.89,214.38,553.75,1,-1,-1,-1
54,10,926.11,337.40,175.40,558.00,1,-1,-1,-1
54,11,1103.83,407.02,187.12,462.77,1,-1,-1,-1
54,12,1250.34,393.42,154.67,453.83,1,-1,-1,-1
54,13,701.91,350.81,230.17,565.24,1,-1,-1,-1
54,14,1099.91,422.01,178.88,441.39,1,-1,-1,-1
55,1,791.26,313.22,253.32,660.40,1,-1,-1,-1
55,2,568.25,387.22,194.12,476.60,1,-1,-1,-1
55,4,1075.59,226.23,334.24,728.73,1,-1,-1,-1
55,5,1356.86,348.43,360.68,558.72,1,-1,-1,-1
55,6,1322.83,344.67,359.78,562.51,1,-1,-1,-1
55,7,1000.40,474.83,184.92,386.07,1,-1,-1,-1
55,9,647.32,379.15,213.48,543.18,1,-1,-1,-1
55,10,910.91,369.59,193.00,526.56,1,-1,-1,-1
55,11,1103.83,407.02,187.12,462.77,1,-1,-1,-1
55,12,1233.86,397.75,166.74,446.36,1,-1,-1,-1
55,13,701.91,350.81,230.17,565.24,1,-1,-1,-1
55,14,1099.91,422.01,178.88,441.39,1,-1,-1,-1
56,1,795.82,340.95,274.97,632.38,1,-1,-1,-1
56,2,596.28,395.52,170.14,467.48,1,-1,-1,-1
56,4,1068.63,215.83,316.14,739.66,1,-1,-1,-1
56,5,1356.86,348.43,360.68,558.72,1,-1,-1,-1
56,6,1301.09,330.85,331.29,573.62,1,-1,-1,-1
56,7,1025.01,482.53,159.74,375.83,1,-1,-1,-1
56,9,645.69,383.11,232.99,538.07,1,-1,-1,-1
56,10,910.91,369.59,193.00,526.56,1,-1,-1,-1
56,11,1103.83,407.02,187.12,462.77,1,-1,-1,-1
56,12,1228.79,470.00,167.17,376.86,1,-1,-1,-1
56,13,701.91,350.81,230.17,565.24,1,-1,-1,-1
56,14,1099.91,422.01,178.88,441.39,1,-1,-1,-1
57,1,781.16,358.37,293.98,613.61,1,-1,-1,-1
57,2,600.07,398.22,167.49,461.21,1,-1,-1,-1
57,4,1067.92,215.81,310.86,740.83,1,-1,-1,-1
57,5,1356.86,348.43,360.68,558.72,1,-1,-1,-1
57,6,1287.70,313.16,320.82,589.89,1,-1,-1,-1
57,7,1032.95,485.17,151.21,371.78,1,-1,-1,-1
57,9,642.99,389.36,234.74,532.53,1,-1,-1,-1
57,10,910.91,369.59,193.00,526.56,1,-1,-1,-1
57,11,1103.83,407.02,187.12,462.77,1,-1,-1,-1
57,12,1222.99,495.07,170.83,349.74,1,-1,-1,-1
57,13,701.91,350.81,230.17,565.24,1,-1,-1,-1
57,14,1099.91,422.01,178.88,441.39,1,-1,-1,-1
57,15,1106.70,488.36,142.10,355.06,1,-1,-1,-1
57,16,852.99,364.40,226.15,565.60,1,-1,-1,-1
58,1,772.27,358.55,296.99,611.49,1,-1,-1,-1
58,2,602.18,393.85,186.51,469.86,1,-1,-1,-1
58,4,1121.94,253.51,250.47,700.62,1,-1,-1,-1
58,5,1356.86,348.43,360.68,558.72,1,-1,-1,-1
58,6,1289.16,336.98,315.74,563.87,1,-1,-1,-1
58,7,1035.42,486.17,142.97,369.84,1,-1,-1,-1
58,9,642.61,400.49,235.64,522.60,1,-1,-1,-1
58,10,910.91,369.59,193.00,526.56,1,-1,-1,-1
58,12,1226.16,493.22,168.55,352.07,1,-1,-1,-1
58,13,701.91,350.81,230.17,565.24,1,-1,-1,-1
58,14,1099.91,422.01,178.88,441.39,1,-1,-1,-1
58,15,1120.28,485.98,123.58,353.26,1,-1,-1,-1
58,16,852.99,364.40,226.15,565.60,1,-1,-1,-1
59,1,766.20,365.69,305.18,601.20,1,-1,-1,-1
59,2,602.12,403.52,180.84,460.48,1,-1,-1,-1
59,4,1122.13,220.19,251.78,737.37,1,-1,-1,-1
59,6,1283.79,353.53,313.35,546.74,1,-1,-1,-1
59,7,1030.53,494.53,145.61,361.93,1,-1,-1,-1
59,9,645.86,404.59,215.60,514.69,1,-1,-1,-1
59,10,910.91,369.59,193.00,526.56,1,-1,-1,-1
59,12,1227.19,472.28,168.42,373.04,1,-1,-1,-1
59,13,701.91,350.81,230.17,565.24,1,-1,-1,-1
59,15,1122.52,499.08,121.56,335.60,1,-1,-1,-1
59,16,852.99,364.40,226.15,565.60,1,-1,-1,-1
60,1,763.00,379.93,345.42,594.25,1,-1,-1,-1
60,2,603.08,421.98,158.18,433.39,1,-1,-1,-1
60,4,1132.58,230.95,241.68,722.96,1,-1,-1,-1
60,6,1284.08,374.46,309.68,525.10,1,-1,-1,-1
60,7,1033.02,501.01,138.81,355.57,1,-1,-1,-1
60,9,645.79,418.89,209.25,501.03,1,-1,-1,-1
60,10,914.53,458.02,173.26,435.63,1,-1,-1,-1
60,12,1237.20,465.72,155.12,378.59,1,-1,-1,-1
60,15,1122.34,503.09,121.43,342.71,1,-1,-1,-1
60,16,862.42,452.03,219.44,471.92,1,-1,-1,-1
61,1,747.31,385.78,310.56,585.26,1,-1,-1,-1
61,2,603.11,433.22,157.59,424.98,1,-1,-1,-1
61,4,1118.72,320.73,256.11,629.46,1,-1,-1,-1
61,6,1286.27,412.44,305.83,486.32,1,-1,-1,-1
61,7,1032.78,503.24,140.76,352.82,1,-1,-1,-1
61,9,644.95,418.67,214.72,499.76,1,-1,-1,-1
61,10,916.38,472.77,173.73,430.18,1,-1,-1,-1
61,12,1247.29,470.86,143.36,372.61,1,-1,-1,-1
61,15,1125.32,506.13,118.78,336.25,1,-1,-1,-1
61,16,853.35,464.91,219.92,482.63,1,-1,-1,-1
62,1,665.41,399.45,384.43,571.46,1,-1,-1,-1
62,2,602.82,425.64,170.69,433.62,1,-1,-1,-1
62,4,1118.21,293.79,260.60,656.53,1,-1,-1,-1
62,6,1268.91,429.90,324.17,469.08,1,-1,-1,-1
62,7,1037.75,513.53,131.42,342.50,1,-1,-1,-1
62,9,648.22,420.13,222.93,496.55,1,-1,-1,-1
62,10,853.22,479.71,212.40,461.14,1,-1,-1,-1
62,12,1247.29,470.86,143.36,372.61,1,-1,-1,-1
62,13,655.52,398.69,336.25,527.92,1,-1,-1,-1
62,15,1125.85,505.44,127.62,341.35,1,-1,-1,-1
62,16,926.91,488.48,150.46,409.40,1,-1,-1,-1
63,1,655.66,422.86,256.18,499.41,1,-1,-1,-1
63,2,602.16,439.94,168.04,417.93,1,-1,-1,-1
63,4,1097.08,337.35,286.39,612.95,1,-1,-1,-1
63,6,1275.42,435.69,318.03,463.08,1,-1,-1,-1
63,7,1040.20,517.22,126.58,336.60,1,-1,-1,-1
63,9,648.70,435.23,230.53,477.51,1,-1,-1,-1
63,10,837.75,488.71,222.98,453.57,1,-1,-1,-1
63,12,1247.29,470.86,143.36,372.61,1,-1,-1,-1
63,13,662.68,411.70,380.41,554.36,1,-1,-1,-1
63,15,1123.37,515.65,129.68,326.13,1,-1,-1,-1
63,16,933.89,497.76,149.38,397.11,1,-1,-1,-1
64,1,655.66,422.86,256.18,499.41,1,-1,-1,-1
64,2,600.00,444.86,180.09,414.43,1,-1,-1,-1
64,4,1070.48,360.59,313.11,591.25,1,-1,-1,-1
64,6,1280.04,443.36,315.11,453.31,1,-1,-1,-1
64,7,1029.71,507.29,141.14,347.79,1,-1,-1,-1
64,9,660.33,497.02,227.82,415.79,1,-1,-1,-1
64,10,837.75,488.71,222.98,453.57,1,-1,-1,-1
64,12,1247.29,470.86,143.36,372.61,1,-1,-1,-1
64,13,721.29,428.92,328.31,544.75,1,-1,-1,-1
64,15,1043.86,502.67,145.11,349.60,1,-1,-1,-1
64,16,921.90,501.55,173.36,391.22,1,-1,-1,-1
65,1,655.66,422.86,256.18,499.41,1,-1,-1,-1
65,2,595.28,450.09,192.77,409.51,1,-1,-1,-1
65,4,1052.97,364.42,331.04,584.28,1,-1,-1,-1
65,6,1273.37,446.87,319.80,448.02,1,-1,-1,-1
65,7,1043.15,492.01,138.47,361.81,1,-1,-1,-1
65,9,661.70,522.90,229.25,388.59,1,-1,-1,-1
65,10,837.75,488.71,222.98,453.57,1,-1,-1,-1
65,12,1247.29,470.86,143.36,372.61,1,-1,-1,-1
65,13,741.31,439.15,309.65,534.08,1,-1,-1,-1
65,15,1043.86,502.67,145.11,349.60,1,-1,-1,-1
65,16,940.25,500.87,149.93,387.60,1,-1,-1,-1
66,1,655.66,422.86,256.18,499.41,1,-1,-1,-1
66,2,593.54,445.21,199.84,417.60,1,-1,-1,-1
66,4,1052.79,370.19,335.67,582.74,1,-1,-1,-1
66,6,1299.83,453.45,291.65,440.60,1,-1,-1,-1
66,7,1043.72,484.60,152.42,369.06,1,-1,-1,-1
66,9,659.63,523.33,229.14,387.42,1,-1,-1,-1
66,10,837.75,488.71,222.98,453.57,1,-1,-1,-1
66,12,1218.93,513.48,169.20,325.70,1,-1,-1,-1
66,13,733.60,446.59,318.75,525.48,1,-1,-1,-1
66,15,1043.86,502.67,145.11,349.60,1,-1,-1,-1
66,16,950.57,501.72,149.63,385.08,1,-1,-1,-1
67,1,661.02,498.27,219.12,414.99,1,-1,-1,-1
67,2,593.14,453.75,184.17,408.50,1,-1,-1,-1
67,4,1074.56,374.25,307.60,578.06,1,-1,-1,-1
67,6,1297.61,455.97,294.57,438.37,1,-1,-1,-1
67,7,1040.25,514.30,140.87,337.98,1,-1,-1,-1
67,9,719.02,529.92,184.11,379.36,1,-1,-1,-1
67,10,786.72,453.96,271.35,509.69,1,-1,-1,-1
67,12,1211.74,513.80,177.10,329.08,1,-1,-1,-1
67,13,733.60,446.59,318.75,525.48,1,-1,-1,-1
67,15,1008.51,509.21,160.02,347.45,1,-1,-1,-1
67,16,956.05,503.85,145.37,379.55,1,-1,-1,-1
68,1,660.63,521.85,219.72,387.88,1,-1,-1,-1
68,2,592.42,460.64,205.31,408.19,1,-1,-1,-1
68,4,1108.17,387.91,268.90,568.87,1,-1,-1,-1
68,6,1311.71,461.39,275.57,432.61,1,-1,-1,-1
68,7,1040.34,508.24,140.71,343.38,1,-1,-1,-1
68,9,666.28,507.55,169.49,401.02,1,-1,-1,-1
68,10,786.72,453.96,271.35,509.69,1,-1,-1,-1
68,12,1232.96,514.13,152.05,325.89,1,-1,-1,-1
68,13,794.45,458.07,281.11,503.95,1,-1,-1,-1
68,15,961.18,504.87,160.21,376.36,1,-1,-1,-1
68,16,956.05,503.85,145.37,379.55,1,-1,-1,-1
69,1,661.77,489.43,226.88,421.73,1,-1,-1,-1
69,2,592.09,477.02,175.99,388.25,1,-1,-1,-1
69,4,1104.83,394.44,270.29,565.26,1,-1,-1,-1
69,6,1320.87,462.59,265.26,427.86,1,-1,-1,-1
69,7,1030.40,506.04,154.36,343.54,1,-1,-1,-1
69,9,660.66,482.80,177.39,426.66,1,-1,-1,-1
69,10,786.72,453.96,271.35,509.69,1,-1,-1,-1
69,12,1233.07,512.02,154.31,329.45,1,-1,-1,-1
69,13,787.06,459.16,294.39,499.84,1,-1,-1,-1
69,15,948.14,503.12,167.12,377.60,1,-1,-1,-1
69,16,956.05,503.85,145.37,379.55,1,-1,-1,-1
70,1,662.38,509.85,219.04,399.06,1,-1,-1,-1
70,2,590.11,480.73,216.74,393.93,1,-1,-1,-1
70,4,1100.82,401.12,273.17,553.13,1,-1,-1,-1
70,6,1334.89,461.98,245.88,425.28,1,-1,-1,-1
70,7,1036.19,504.96,139.48,343.43,1,-1,-1,-1
70,9,660.66,482.80,177.39,426.66,1,-1,-1,-1
70,10,772.25,461.73,302.03,493.87,1,-1,-1,-1
70,12,1241.74,512.60,139.99,326.29,1,-1,-1,-1
70,13,787.06,459.16,294.39,499.84,1,-1,-1,-1
70,15,946.24,503.65,160.37,378.10,1,-1,-1,-1
70,16,956.05,503.85,145.37,379.55,1,-1,-1,-1
71,1,666.17,505.22,218.48,403.42,1,-1,-1,-1
71,2,591.23,490.04,217.90,376.95,1,-1,-1,-1
71,4,1087.56,409.39,292.04,541.13,1,-1,-1,-1
71,6,1355.12,464.92,219.11,422.16,1,-1,-1,-1
71,7,1085.88,512.91,153.43,329.98,1,-1,-1,-1
71,9,660.66,482.80,177.39,426.66,1,-1,-1,-1
71,10,772.72,461.04,293.88,491.74,1,-1,-1,-1
71,12,1239.36,512.91,149.18,325.36,1,-1,-1,-1
71,13,787.06,459.16,294.39,499.84,1,-1,-1,-1
71,15,946.61,504.13,147.46,374.37,1,-1,-1,-1
71,16,1018.15,501.34,142.86,359.15,1,-1,-1,-1
72,1,676.56,519.48,215.55,390.54,1,-1,-1,-1
72,2,587.17,502.03,201.75,360.93,1,-1,-1,-1
72,4,1089.03,419.16,309.77,529.92,1,-1,-1,-1
72,6,1372.21,469.56,199.32,419.05,1,-1,-1,-1
72,7,1091.25,511.87,179.34,331.14,1,-1,-1,-1
72,9,660.66,482.80,177.39,426.66,1,-1,-1,-1
72,10,772.72,461.04,293.88,491.74,1,-1,-1,-1
72,12,1240.41,511.12,169.25,329.84,1,-1,-1,-1
72,13,803.90,460.39,243.14,494.90,1,-1,-1,-1
72,15,945.03,505.22,148.80,372.57,1,-1,-1,-1
72,16,1012.46,497.25,162.26,370.45,1,-1,-1,-1
73,1,677.77,523.21,229.14,387.80,1,-1,-1,-1
73,2,590.55,507.83,209.15,351.87,1,-1,-1,-1
73,4,1095.97,429.06,284.72,512.86,1,-1,-1,-1
73,6,1369.56,469.87,203.95,421.66,1,-1,-1,-1
73,7,1097.71,511.81,177.45,330.67,1,-1,-1,-1
73,8,1351.91,469.82,207.57,427.43,1,-1,-1,-1
73,9,642.27,514.45,175.08,355.03,1,-1,-1,-1
73,10,736.24,519.98,179.08,363.98,1,-1,-1,-1
73,12,1236.07,509.66,202.05,335.61,1,-1,-1,-1
73,13,803.90,460.39,243.14,494.90,1,-1,-1,-1
73,15,938.52,505.73,154.66,375.99,1,-1,-1,-1
73,16,1015.84,494.54,159.98,363.18,1,-1,-1,-1
74,1,677.77,523.21,229.14,387.80,1,-1,-1,-1
74,2,589.80,508.49,213.25,350.92,1,-1,-1,-1
74,4,1099.06,434.16,272.82,508.00,1,-1,-1,-1
74,6,1366.67,471.95,204.47,418.34,1,-1,-1,-1
74,7,1097.71,511.81,177.45,330.67,1,-1,-1,-1
74,8,1351.91,469.82,207.57,427.43,1,-1,-1,-1
74,9,642.27,514.45,175.08,355.03,1,-1,-1,-1
74,10,683.40,516.88,220.46,392.00,1,-1,-1,-1
74,12,1236.03,510.22,195.94,340.15,1,-1,-1,-1
74,13,796.98,456.18,252.12,498.44,1,-1,-1,-1
74,15,928.34,504.52,172.47,384.21,1,-1,-1,-1
74,16,1016.23,492.72,177.94,358.36,1,-1,-1,-1
75,1,677.77,523.21,229.14,387.80,1,-1,-1,-1
75,2,591.26,507.14,205.92,351.23,1,-1,-1,-1
75,4,1086.58,436.54,281.53,505.59,1,-1,-1,-1
75,6,1306.97,469.98,267.70,423.16,1,-1,-1,-1
75,7,1097.71,511.81,177.45,330.67,1,-1,-1,-1
75,8,1351.91,469.82,207.57,427.43,1,-1,-1,-1
75,9,644.55,512.78,182.78,370.67,1,-1,-1,-1
75,10,662.84,495.87,251.09,415.70,1,-1,-1,-1
75,12,1231.12,510.67,192.34,343.33,1,-1,-1,-1
75,13,787.62,447.20,296.30,497.74,1,-1,-1,-1
75,15,924.45,504.90,174.97,381.91,1,-1,-1,-1
75,16,1013.01,491.51,187.79,356.76,1,-1,-1,-1
76,1,677.77,523.21,229.14,387.80,1,-1,-1,-1
76,2,591.69,499.29,210.57,360.36,1,-1,-1,-1
76,4,1093.41,442.70,272.30,493.96,1,-1,-1,-1
76,6,1297.53,462.44,276.92,429.73,1,-1,-1,-1
76,7,1097.71,511.81,177.45,330.67,1,-1,-1,-1
76,8,1351.91,469.82,207.57,427.43,1,-1,-1,-1
76,9,639.86,499.72,203.12,397.48,1,-1,-1,-1
76,10,657.30,483.11,259.76,429.62,1,-1,-1,-1
76,12,1216.92,511.22,220.05,339.21,1,-1,-1,-1
76,13,674.13,430.27,419.18,514.70,1,-1,-1,-1
76,15,929.59,502.74,176.46,371.66,1,-1,-1,-1
76,16,1011.97,486.99,197.90,362.12,1,-1,-1,-1
77,1,677.77,523.21,229.14,387.80,1,-1,-1,-1
77,2,592.46,493.57,208.74,364.85,1,-1,-1,-1
77,4,1098.37,443.61,265.16,490.75,1,-1,-1,-1
77,6,1309.14,463.49,270.75,426.40,1,-1,-1,-1
77,7,1097.71,511.81,177.45,330.67,1,-1,-1,-1
77,8,1351.91,469.82,207.57,427.43,1,-1,-1,-1
77,9,641.17,490.88,204.00,403.55,1,-1,-1,-1
77,10,657.39,478.09,275.28,436.96,1,-1,-1,-1
77,12,1215.52,512.05,208.86,336.07,1,-1,-1,-1
77,13,664.45,420.02,444.39,523.70,1,-1,-1,-1
77,15,921.63,499.23,190.82,385.29,1,-1,-1,-1
77,16,1014.32,485.41,191.39,363.11,1,-1,-1,-1
78,1,677.77,523.21,229.14,387.80,1,-1,-1,-1
78,2,589.89,502.49,186.40,354.66,1,-1,-1,-1
78,4,1104.26,442.00,251.16,495.11,1,-1,-1,-1
78,6,1322.84,463.91,264.08,426.22,1,-1,-1,-1
78,7,1016.58,486.15,207.38,361.03,1,-1,-1,-1
78,8,1351.91,469.82,207.57,427.43,1,-1,-1,-1
78,9,640.85,485.89,214.84,417.36,1,-1,-1,-1
78,10,656.73,480.11,260.84,434.80,1,-1,-1,-1
78,12,1220.88,511.88,203.46,333.07,1,-1,-1,-1
78,13,666.40,412.40,449.28,534.41,1,-1,-1,-1
78,15,885.75,496.44,230.76,388.26,1,-1,-1,-1
78,16,940.24,496.58,205.07,366.86,1,-1,-1,-1
79,1,645.54,480.95,215.41,425.02,1,-1,-1,-1
79,2,590.26,502.28,179.98,357.72,1,-1,-1,-1
79,4,1111.76,440.64,237.42,496.62,1,-1,-1,-1
79,6,1343.37,464.54,249.19,426.56,1,-1,-1,-1
79,7,1001.43,481.56,181.79,365.10,1,-1,-1,-1
79,9,595.55,480.44,229.22,385.23,1,-1,-1,-1
79,10,658.59,474.80,257.08,438.56,1,-1,-1,-1
79,11,1104.66,435.02,240.46,497.44,1,-1,-1,-1
79,12,1219.76,510.93,185.70,333.91,1,-1,-1,-1
79,13,673.94,401.29,426.66,544.06,1,-1,-1,-1
79,15,885.75,496.44,230.76,388.26,1,-1,-1,-1
79,16,940.24,496.58,205.07,366.86,1,-1,-1,-1
80,1,625.57,463.58,223.59,442.56,1,-1,-1,-1
80,2,590.26,502.28,179.98,357.72,1,-1,-1,-1
80,4,1107.84,432.67,259.42,504.72,1,-1,-1,-1
80,6,1354.14,459.69,242.54,432.60,1,-1,-1,-1
80,7,991.29,480.19,181.43,367.01,1,-1,-1,-1
80,9,579.56,462.81,250.37,407.45,1,-1,-1,-1
80,10,658.59,474.80,257.08,438.56,1,-1,-1,-1
80,11,1104.66,435.02,240.46,497.44,1,-1,-1,-1
80,12,1222.24,511.34,182.86,332.28,1,-1,-1,-1
80,13,680.48,391.14,433.03,556.95,1,-1,-1,-1
80,15,885.75,496.44,230.76,388.26,1,-1,-1,-1
80,16,940.24,496.58,205.07,366.86,1,-1,-1,-1
81,1,625.57,463.58,223.59,442.56,1,-1,-1,-1
81,2,590.26,502.28,179.98,357.72,1,-1,-1,-1
81,4,1040.62,429.40,340.37,503.60,1,-1,-1,-1
81,6,1352.86,457.56,249.22,435.46,1,-1,-1,-1
81,7,982.23,476.18,190.22,369.81,1,-1,-1,-1
81,9,565.90,462.46,223.33,397.31,1,-1,-1,-1
81,10,639.75,458.00,221.76,450.43,1,-1,-1,-1
81,11,1104.66,435.02,240.46,497.44,1,-1,-1,-1
81,12,1215.71,511.52,194.09,330.84,1,-1,-1,-1
81,13,684.41,389.28,422.12,555.46,1,-1,-1,-1
81,15,881.38,473.27,228.18,389.84,1,-1,-1,-1
81,16,911.54,472.68,225.60,377.34,1,-1,-1,-1
82,1,625.57,463.58,223.59,442.56,1,-1,-1,-1
82,2,590.26,502.28,179.98,357.72,1,-1,-1,-1
82,4,1101.27,427.17,283.85,505.89,1,-1,-1,-1
82,6,1350.60,457.30,253.16,438.08,1,-1,-1,-1
82,7,1008.65,480.72,158.66,363.83,1,-1,-1,-1
82,9,565.90,462.46,223.33,397.31,1,-1,-1,-1
82,10,567.71,458.05,270.86,436.71,1,-1,-1,-1
82,11,1104.66,435.02,240.46,497.44,1,-1,-1,-1
82,12,1217.17,513.17,190.48,328.25,1,-1,-1,-1
82,13,705.36,389.55,404.96,557.84,1,-1,-1,-1
82,15,895.15,469.44,211.82,388.88,1,-1,-1,-1
82,16,911.54,472.68,225.60,377.34,1,-1,-1,-1
83,1,625.57,463.58,223.59,442.56,1,-1,-1,-1
83,2,590.26,502.28,179.98,357.72,1,-1,-1,-1
83,4,1100.51,428.39,297.95,512.44,1,-1,-1,-1
83,6,1344.80,456.72,257.26,437.38,1,-1,-1,-1
83,7,1016.35,510.95,149.07,333.73,1,-1,-1,-1
83,9,565.90,462.46,223.33,397.31,1,-1,-1,-1
83,10,556.52,452.41,280.59,433.02,1,-1,-1,-1
83,11,1104.66,435.02,240.46,497.44,1,-1,-1,-1
83,12,1215.58,513.63,185.22,329.35,1,-1,-1,-1
83,13,700.38,389.00,417.08,554.57,1,-1,-1,-1
83,15,904.38,470.41,209.21,383.54,1,-1,-1,-1
83,16,911.54,472.68,225.60,377.34,1,-1,-1,-1
84,1,625.57,463.58,223.59,442.56,1,-1,-1,-1
84,2,590.26,502.28,179.98,357.72,1,-1,-1,-1
84,4,1081.37,418.21,333.15,523.56,1,-1,-1,-1
84,6,1345.15,459.83,262.35,429.79,1,-1,-1,-1
84,7,987.87,498.74,177.13,347.36,1,-1,-1,-1
84,9,565.90,462.46,223.33,397.31,1,-1,-1,-1
84,10,556.52,452.41,280.59,433.02,1,-1,-1,-1
84,11,1204.76,462.44,374.45,434.01,1,-1,-1,-1
84,12,1211.42,511.24,198.13,334.68,1,-1,-1,-1
84,13,559.11,388.06,559.83,555.77,1,-1,-1,-1
84,15,896.73,457.95,218.09,415.10,1,-1,-1,-1
84,16,911.54,472.68,225.60,377.34,1,-1,-1,-1
85,1,625.57,463.58,223.59,442.56,1,-1,-1,-1
85,4,1091.34,407.63,314.19,534.51,1,-1,-1,-1
85,6,1232.16,464.01,378.84,429.13,1,-1,-1,-1
85,7,984.37,490.85,169.98,354.76,1,-1,-1,-1
85,9,565.90,462.46,223.33,397.31,1,-1,-1,-1
85,10,556.52,452.41,280.59,433.02,1,-1,-1,-1
85,11,1204.76,462.44,374.45,434.01,1,-1,-1,-1
85,12,1211.42,511.24,198.13,334.68,1,-1,-1,-1
85,13,626.70,388.01,476.17,556.64,1,-1,-1,-1
85,15,892.61,461.80,201.48,413.54,1,-1,-1,-1
85,16,911.54,472.68,225.60,377.34,1,-1,-1,-1
86,4,1007.04,402.27,433.66,534.46,1,-1,-1,-1
86,6,1322.60,462.59,288.02,430.92,1,-1,-1,-1
86,7,982.26,487.11,177.51,357.86,1,-1,-1,-1
86,9,565.90,462.46,223.33,397.31,1,-1,-1,-1
86,10,556.52,452.41,280.59,433.02,1,-1,-1,-1
86,11,1204.76,462.44,374.45,434.01,1,-1,-1,-1
86,12,1211.42,511.24,198.13,334.68,1,-1,-1,-1
86,13,551.05,387.76,558.26,559.08,1,-1,-1,-1
86,15,882.80,457.57,205.94,421.17,1,-1,-1,-1
86,16,911.54,472.68,225.60,377.34,1,-1,-1,-1
87,4,1009.53,404.45,405.01,527.67,1,-1,-1,-1
87,6,1226.24,457.17,385.91,435.83,1,-1,-1,-1
87,7,976.82,486.55,182.59,360.09,1,-1,-1,-1
87,10,608.14,437.68,230.83,469.31,1,-1,-1,-1
87,11,1204.76,462.44,374.45,434.01,1,-1,-1,-1
87,12,1211.42,511.24,198.13,334.68,1,-1,-1,-1
87,13,710.01,390.16,379.74,554.55,1,-1,-1,-1
87,15,892.32,468.31,191.10,408.70,1,-1,-1,-1
88,4,1028.86,399.53,377.88,520.92,1,-1,-1,-1
88,6,1221.78,464.31,389.89,426.46,1,-1,-1,-1
88,7,972.79,484.95,181.64,364.61,1,-1,-1,-1
88,10,624.41,426.80,231.21,483.22,1,-1,-1,-1
88,11,1222.00,461.71,388.87,429.07,1,-1,-1,-1
88,12,1213.67,531.55,153.82,312.67,1,-1,-1,-1
88,13,631.40,392.68,467.30,557.48,1,-1,-1,-1
88,15,890.12,465.70,190.30,413.02,1,-1,-1,-1
89,4,1022.11,399.47,395.18,519.52,1,-1,-1,-1
89,6,1235.58,463.09,375.20,425.38,1,-1,-1,-1
89,7,970.30,487.00,188.94,366.51,1,-1,-1,-1
89,10,624.02,426.31,236.25,481.38,1,-1,-1,-1
89,11,1222.00,461.71,388.87,429.07,1,-1,-1,-1
89,12,1211.65,521.50,144.64,322.47,1,-1,-1,-1
89,13,618.31,391.65,476.21,558.45,1,-1,-1,-1
89,15,881.35,459.09,196.28,419.47,1,-1,-1,-1
90,4,1026.23,400.42,387.27,517.40,1,-1,-1,-1
90,6,1252.24,463.34,361.54,425.16,1,-1,-1,-1
90,7,969.25,488.54,179.14,365.00,1,-1,-1,-1
90,10,624.02,426.31,236.25,481.38,1,-1,-1,-1
90,11,1222.00,461.71,388.87,429.07,1,-1,-1,-1
90,12,1219.19,517.51,134.70,325.06,1,-1,-1,-1
90,13,583.57,390.26,498.91,558.54,1,-1,-1,-1
90,15,882.35,449.79,193.85,429.97,1,-1,-1,-1
91,4,1024.47,401.32,370.36,516.62,1,-1,-1,-1
91,6,1266.57,460.94,350.82,426.79,1,-1,-1,-1
91,7,967.76,487.67,176.66,365.92,1,-1,-1,-1
91,10,624.02,426.31,236.25,481.38,1,-1,-1,-1
91,11,1222.00,461.71,388.87,429.07,1,-1,-1,-1
91,12,1217.39,516.00,137.11,326.55,1,-1,-1,-1
91,13,580.13,392.15,510.49,555.80,1,-1,-1,-1
91,15,878.82,441.11,196.47,438.22,1,-1,-1,-1
92,4,1008.72,399.84,400.53,519.42,1,-1,-1,-1
92,6,1277.81,460.02,325.21,426.70,1,-1,-1,-1
92,7,968.16,478.04,175.44,373.92,1,-1,-1,-1
92,10,624.02,426.31,236.25,481.38,1,-1,-1,-1
92,11,1222.00,461.71,388.87,429.07,1,-1,-1,-1
92,12,1220.12,513.88,131.36,328.03,1,-1,-1,-1
92,13,667.25,396.82,429.94,552.71,1,-1,-1,-1
92,15,877.12,425.91,202.55,455.19,1,-1,-1,-1
93,4,1013.75,397.04,401.98,521.34,1,-1,-1,-1
93,6,1281.06,450.91,337.66,436.99,1,-1,-1,-1
93,7,967.05,483.10,175.48,368.84,1,-1,-1,-1
93,9,583.46,403.12,210.59,449.89,1,-1,-1,-1
93,10,624.02,426.31,236.25,481.38,1,-1,-1,-1
93,11,1222.00,461.71,388.87,429.07,1,-1,-1,-1
93,12,1218.43,511.61,131.24,329.80,1,-1,-1,-1
93,13,595.12,395.79,509.12,554.20,1,-1,-1,-1
93,15,882.43,445.30,201.10,436.29,1,-1,-1,-1
94,1,662.81,432.96,186.43,470.37,1,-1,-1,-1
94,4,1017.04,392.32,392.46,526.29,1,-1,-1,-1
94,6,1276.77,444.60,344.63,443.62,1,-1,-1,-1
94,7,967.91,486.02,173.07,363.49,1,-1,-1,-1
94,9,587.45,392.42,194.85,459.12,1,-1,-1,-1
94,10,591.37,394.09,271.80,498.95,1,-1,-1,-1
94,12,1220.66,512.26,125.05,328.76,1,-1,-1,-1
94,13,721.80,397.29,386.06,554.26,1,-1,-1,-1
94,15,877.31,443.77,202.41,437.23,1,-1,-1,-1
95,1,662.81,432.96,186.43,470.37,1,-1,-1,-1
95,4,1014.46,390.02,398.85,528.96,1,-1,-1,-1
95,6,1275.80,443.03,344.51,445.02,1,-1,-1,-1
95,7,967.87,491.56,172.10,358.59,1,-1,-1,-1
95,9,584.76,391.47,198.13,460.65,1,-1,-1,-1
95,10,591.37,394.09,271.80,498.95,1,-1,-1,-1
95,12,1221.46,513.11,123.20,328.16,1,-1,-1,-1
95,13,734.30,395.17,361.99,552.48,1,-1,-1,-1
95,15,878.81,430.11,201.53,450.20,1,-1,-1,-1
96,1,643.09,421.11,203.02,477.29,1,-1,-1,-1
96,4,1021.68,390.54,375.60,528.29,1,-1,-1,-1
96,6,1275.22,439.47,342.85,446.56,1,-1,-1,-1
96,7,965.40,494.61,159.50,353.07,1,-1,-1,-1
96,9,564.86,406.44,231.75,445.35,1,-1,-1,-1
96,10,555.68,399.36,281.27,474.23,1,-1,-1,-1
96,12,1225.37,515.38,117.67,324.57,1,-1,-1,-1
96,13,739.65,394.74,355.16,552.43,1,-1,-1,-1
96,15,883.48,458.35,194.77,420.54,1,-1,-1,-1
97,1,646.57,420.46,197.24,478.31,1,-1,-1,-1
97,4,1025.29,391.89,350.28,526.63,1,-1,-1,-1
97,6,1278.08,438.56,338.46,450.64,1,-1,-1,-1
97,7,966.30,497.90,157.38,351.58,1,-1,-1,-1
97,9,564.86,406.44,231.75,445.35,1,-1,-1,-1
97,10,551.04,400.01,283.42,485.09,1,-1,-1,-1
97,12,1227.30,515.76,118.37,324.04,1,-1,-1,-1
97,13,745.00,384.08,346.26,563.27,1,-1,-1,-1
97,15,886.03,476.73,176.19,399.88,1,-1,-1,-1
98,1,646.57,420.46,197.24,478.31,1,-1,-1,-1
98,4,1017.24,392.15,375.00,525.52,1,-1,-1,-1
98,6,1281.25,435.87,331.67,453.79,1,-1,-1,-1
98,7,966.42,499.38,157.50,348.94,1,-1,-1,-1
98,9,564.86,406.44,231.75,445.35,1,-1,-1,-1
98,10,560.34,392.02,267.50,499.59,1,-1,-1,-1
98,12,1228.61,516.94,117.50,321.85,1,-1,-1,-1
98,13,746.36,382.13,357.17,563.32,1,-1,-1,-1
98,15,886.03,476.73,176.19,399.88,1,-1,-1,-1
99,1,646.57,420.46,197.24,478.31,1,-1,-1,-1
99,4,1017.09,392.18,380.88,527.24,1,-1,-1,-1
99,6,1276.03,434.66,338.26,455.21,1,-1,-1,-1
99,7,967.27,504.52,153.81,342.99,1,-1,-1,-1
99,9,564.86,406.44,231.75,445.35,1,-1,-1,-1
99,10,558.19,390.51,269.86,503.14,1,-1,-1,-1
99,12,1228.30,516.48,120.64,322.47,1,-1,-1,-1
99,13,743.22,395.11,349.03,550.41,1,-1,-1,-1
99,15,886.03,476.73,176.19,399.88,1,-1,-1,-1
100,1,646.57,420.46,197.24,478.31,1,-1,-1,-1
100,4,1014.12,393.55,390.75,528.74,1,-1,-1,-1
100,6,1287.41,431.33,324.25,455.59,1,-1,-1,-1
100,7,973.16,503.59,144.85,346.47,1,-1,-1,-1
100,9,564.86,406.44,231.75,445.35,1,-1,-1,-1
100,10,561.48,395.81,267.63,497.38,1,-1,-1,-1
100,12,1226.86,516.09,118.37,323.89,1,-1,-1,-1
100,13,742.62,380.29,360.28,566.60,1,-1,-1,-1
100,15,886.03,476.73,176.19,399.88,1,-1,-1,-1
100,16,955.80,498.61,109.07,320.92,1,-1,-1,-1
101,1,646.57,420.46,197.24,478.31,1,-1,-1,-1
101,4,1048.64,395.73,341.48,528.70,1,-1,-1,-1
101,6,1290.30,431.21,320.95,454.86,1,-1,-1,-1
101,7,975.99,502.67,140.99,351.54,1,-1,-1,-1
101,9,564.86,406.44,231.75,445.35,1,-1,-1,-1
101,10,564.46,389.20,261.61,504.62,1,-1,-1,-1
101,12,1227.18,515.69,118.17,325.30,1,-1,-1,-1
101,13,740.37,373.31,365.91,571.71,1,-1,-1,-1
101,15,886.03,476.73,176.19,399.88,1,-1,-1,-1
101,16,962.00,501.81,97.39,314.51,1,-1,-1,-1
102,1,646.57,420.46,197.24,478.31,1,-1,-1,-1
102,4,1035.37,397.04,351.61,527.12,1,-1,-1,-1
102,6,1287.59,433.93,324.69,452.31,1,-1,-1,-1
102,7,973.57,504.70,142.69,351.43,1,-1,-1,-1
102,10,562.64,389.40,262.02,502.66,1,-1,-1,-1
102,12,1226.49,517.34,118.77,322.64,1,-1,-1,-1
102,13,740.21,371.78,295.75,571.61,1,-1,-1,-1
102,15,886.03,476.73,176.19,399.88,1,-1,-1,-1
102,16,962.72,504.09,101.27,317.87,1,-1,-1,-1
103,4,1034.56,397.18,347.11,525.11,1,-1,-1,-1
103,6,1288.40,444.55,317.05,442.04,1,-1,-1,-1
103,7,967.13,505.26,156.82,350.91,1,-1,-1,-1
103,10,561.48,394.69,261.97,495.97,1,-1,-1,-1
103,12,1227.67,517.32,121.11,323.18,1,-1,-1,-1
103,13,735.30,368.88,310.10,569.88,1,-1,-1,-1
103,16,961.82,501.53,118.56,335.85,1,-1,-1,-1
104,4,1021.84,401.54,341.67,518.05,1,-1,-1,-1
104,6,1293.34,459.89,267.13,427.72,1,-1,-1,-1
104,7,966.17,504.12,149.22,348.89,1,-1,-1,-1
104,10,564.01,392.49,260.00,492.98,1,-1,-1,-1
104,12,1227.03,516.86,125.47,323.24,1,-1,-1,-1
104,13,707.70,372.50,311.00,569.65,1,-1,-1,-1
104,15,874.59,420.76,154.54,456.18,1,-1,-1,-1
104,16,961.82,501.53,118.56,335.85,1,-1,-1,-1
105,4,988.74,398.08,374.76,524.10,1,-1,-1,-1
105,6,1292.45,465.08,223.34,423.88,1,-1,-1,-1
105,7,971.46,503.51,146.31,348.03,1,-1,-1,-1
105,10,566.76,392.78,255.44,489.64,1,-1,-1,-1
105,11,1280.87,452.45,310.12,434.60,1,-1,-1,-1
105,12,1223.18,516.94,130.85,321.67,1,-1,-1,-1
105,13,706.12,374.73,310.76,566.89,1,-1,-1,-1
105,15,869.24,412.90,153.77,463.65,1,-1,-1,-1
105,16,961.82,501.53,118.56,335.85,1,-1,-1,-1
106,4,978.46,392.99,382.51,536.03,1,-1,-1,-1
106,6,1290.13,461.42,275.94,427.52,1,-1,-1,-1
106,7,972.09,513.22,140.67,331.70,1,-1,-1,-1
106,10,574.58,396.69,243.06,481.59,1,-1,-1,-1
106,11,1280.87,452.45,310.12,434.60,1,-1,-1,-1
106,12,1227.19,516.43,129.25,322.57,1,-1,-1,-1
106,13,602.82,373.56,420.76,569.63,1,-1,-1,-1
106,15,875.37,430.43,156.21,445.95,1,-1,-1,-1
106,16,961.82,501.53,118.56,335.85,1,-1,-1,-1
107,4,976.46,393.64,377.59,537.54,1,-1,-1,-1
107,6,1285.92,447.12,311.86,442.63,1,-1,-1,-1
107,7,975.93,516.39,135.58,330.50,1,-1,-1,-1
107,10,570.62,400.27,243.16,480.17,1,-1,-1,-1
107,11,1280.87,452.45,310.12,434.60,1,-1,-1,-1
107,12,1232.37,516.60,124.31,321.57,1,-1,-1,-1
107,13,589.77,371.44,421.36,573.66,1,-1,-1,-1
107,15,879.64,453.23,144.05,422.56,1,-1,-1,-1
107,16,961.82,501.53,118.56,335.85,1,-1,-1,-1
108,4,960.26,397.19,369.48,536.46,1,-1,-1,-1
108,6,1279.35,427.34,313.96,463.50,1,-1,-1,-1
108,7,1058.44,523.37,172.62,353.37,1,-1,-1,-1
108,10,580.94,395.00,233.00,485.99,1,-1,-1,-1
108,11,1280.87,452.45,310.12,434.60,1,-1,-1,-1
108,12,1233.40,518.81,125.61,322.41,1,-1,-1,-1
108,13,580.00,369.33,426.38,572.71,1,-1,-1,-1
108,15,875.55,453.63,145.94,422.77,1,-1,-1,-1
108,16,962.01,510.81,151.54,341.14,1,-1,-1,-1
109,4,957.01,396.50,361.20,540.29,1,-1,-1,-1
109,6,1274.52,427.28,297.90,465.26,1,-1,-1,-1
109,7,1072.31,525.61,161.51,345.12,1,-1,-1,-1
109,10,581.16,394.16,229.01,479.16,1,-1,-1,-1
109,11,1280.87,452.45,310.12,434.60,1,-1,-1,-1
109,12,1236.75,522.59,116.93,319.55,1,-1,-1,-1
109,13,582.78,364.80,406.89,574.30,1,-1,-1,-1
109,15,880.74,456.19,147.34,419.57,1,-1,-1,-1
109,16,963.48,503.09,151.59,348.20,1,-1,-1,-1
110,4,943.28,396.24,356.41,537.90,1,-1,-1,-1
110,6,1252.51,443.34,318.97,449.90,1,-1,-1,-1
110,7,1082.79,528.57,143.59,329.42,1,-1,-1,-1
110,10,580.96,391.23,230.32,485.17,1,-1,-1,-1
110,11,1280.87,452.45,310.12,434.60,1,-1,-1,-1
110,12,1236.40,525.47,118.63,320.76,1,-1,-1,-1
110,13,581.36,366.07,393.65,570.94,1,-1,-1,-1
110,15,870.53,457.50,164.35,416.62,1,-1,-1,-1
110,16,963.48,503.09,151.59,348.20,1,-1,-1,-1
111,4,937.56,400.18,343.05,541.74,1,-1,-1,-1
111,6,1246.95,431.26,292.15,465.97,1,-1,-1,-1
111,7,1088.77,531.39,137.23,300.27,1,-1,-1,-1
111,10,584.35,391.24,225.66,472.19,1,-1,-1,-1
111,12,1236.08,528.11,117.52,318.03,1,-1,-1,-1
111,13,584.33,361.84,376.99,573.46,1,-1,-1,-1
111,15,862.83,456.52,175.34,418.17,1,-1,-1,-1
111,16,963.48,503.09,151.59,348.20,1,-1,-1,-1
112,4,919.06,394.71,341.84,544.39,1,-1,-1,-1
112,6,1241.54,442.02,292.28,458.01,1,-1,-1,-1
112,7,1103.39,530.35,116.59,290.30,1,-1,-1,-1
112,10,584.35,391.24,225.66,472.19,1,-1,-1,-1
112,12,1235.60,529.08,119.04,309.39,1,-1,-1,-1
112,13,579.85,373.93,369.63,558.31,1,-1,-1,-1
112,15,866.69,460.24,157.19,418.30,1,-1,-1,-1
112,16,963.48,503.09,151.59,348.20,1,-1,-1,-1
113,4,918.85,390.88,321.74,550.15,1,-1,-1,-1
113,6,1237.92,440.09,287.99,459.94,1,-1,-1,-1
113,7,1108.02,529.36,118.34,289.69,1,-1,-1,-1
113,10,584.35,391.24,225.66,472.19,1,-1,-1,-1
113,12,1235.60,529.08,119.04,309.39,1,-1,-1,-1
113,13,579.26,378.58,332.78,553.34,1,-1,-1,-1
113,15,859.05,455.80,164.18,423.22,1,-1,-1,-1
113,16,963.48,503.09,151.59,348.20,1,-1,-1,-1
114,4,918.85,390.88,321.74,550.15,1,-1,-1,-1
114,6,1237.52,438.67,286.18,460.61,1,-1,-1,-1
114,7,1108.00,528.07,127.21,290.53,1,-1,-1,-1
114,10,584.35,391.24,225.66,472.19,1,-1,-1,-1
114,12,1235.60,529.08,119.04,309.39,1,-1,-1,-1
114,13,581.80,385.47,323.40,544.02,1,-1,-1,-1
114,15,856.54,465.34,161.96,410.94,1,-1,-1,-1
114,16,963.48,503.09,151.59,348.20,1,-1,-1,-1
115,1,783.61,472.04,122.85,370.16,1,-1,-1,-1
115,4,904.83,392.73,328.96,547.89,1,-1,-1,-1
115,6,1236.40,417.41,280.48,481.16,1,-1,-1,-1
115,7,1106.01,527.46,142.36,290.99,1,-1,-1,-1
115,10,584.35,391.24,225.66,472.19,1,-1,-1,-1
115,12,1235.60,529.08,119.04,309.39,1,-1,-1,-1
115,13,574.43,386.92,324.50,541.81,1,-1,-1,-1
115,15,847.10,467.02,170.63,409.39,1,-1,-1,-1
116,1,783.61,472.04,122.85,370.16,1,-1,-1,-1
116,4,875.83,386.64,314.93,556.27,1,-1,-1,-1
116,6,1230.60,425.91,255.33,472.06,1,-1,-1,-1
116,7,1100.37,525.96,179.24,296.42,1,-1,-1,-1
116,10,584.35,391.24,225.66,472.19,1,-1,-1,-1
116,12,1235.60,529.08,119.04,309.39,1,-1,-1,-1
116,13,577.31,397.55,311.39,535.31,1,-1,-1,-1
116,15,828.38,415.74,170.56,455.78,1,-1,-1,-1
117,1,783.61,472.04,122.85,370.16,1,-1,-1,-1
117,4,867.88,376.41,290.90,568.50,1,-1,-1,-1
117,6,1216.05,421.54,267.50,480.18,1,-1,-1,-1
117,7,1081.73,525.46,220.66,297.53,1,-1,-1,-1
117,10,582.47,408.76,225.49,440.02,1,-1,-1,-1
117,12,1235.60,529.08,119.04,309.39,1,-1,-1,-1
117,13,579.69,397.56,302.00,538.80,1,-1,-1,-1
117,15,828.44,421.45,154.03,450.25,1,-1,-1,-1
118,1,783.61,472.04,122.85,370.16,1,-1,-1,-1
118,4,862.79,374.72,282.28,569.54,1,-1,-1,-1
118,6,1216.90,421.14,265.26,489.77,1,-1,-1,-1
118,7,1083.39,524.57,219.75,300.68,1,-1,-1,-1
118,9,578.05,402.68,218.98,441.17,1,-1,-1,-1
118,10,582.47,408.76,225.49,440.02,1,-1,-1,-1
118,13,581.76,397.22,297.13,525.10,1,-1,-1,-1
118,15,822.74,414.73,163.73,451.96,1,-1,-1,-1
119,1,783.61,472.04,122.85,370.16,1,-1,-1,-1
119,4,848.97,367.23,279.71,576.65,1,-1,-1,-1
119,6,1204.66,445.89,246.09,466.23,1,-1,-1,-1
119,7,1083.17,520.56,218.87,306.94,1,-1,-1,-1
119,9,577.48,399.89,224.97,442.93,1,-1,-1,-1
119,10,584.83,391.84,277.16,526.99,1,-1,-1,-1
119,12,1206.25,488.47,211.40,415.97,1,-1,-1,-1
119,13,658.57,399.51,214.36,535.30,1,-1,-1,-1
119,15,816.50,453.75,170.29,407.50,1,-1,-1,-1
120,1,783.61,472.04,122.85,370.16,1,-1,-1,-1
120,4,861.52,350.42,255.03,588.11,1,-1,-1,-1
120,6,1193.20,466.99,216.61,454.89,1,-1,-1,-1
120,7,1081.87,521.87,199.52,306.88,1,-1,-1,-1
120,9,582.79,403.65,227.41,441.13,1,-1,-1,-1
120,10,590.92,396.23,273.58,536.55,1,-1,-1,-1
120,12,1206.25,488.47,211.40,415.97,1,-1,-1,-1
120,13,658.57,399.51,214.36,535.30,1,-1,-1,-1
120,15,808.31,457.12,164.27,405.42,1,-1,-1,-1
120,17,961.48,420.36,197.31,451.71,1,-1,-1,-1
121,1,804.10,451.34,151.45,406.63,1,-1,-1,-1
121,4,868.23,350.05,263.25,576.83,1,-1,-1,-1
121,6,1195.98,437.42,223.61,487.71,1,-1,-1,-1
121,7,1081.78,523.46,197.24,300.68,1,-1,-1,-1
121,9,582.79,403.65,227.41,441.13,1,-1,-1,-1
121,10,580.43,395.53,290.24,537.95,1,-1,-1,-1
121,12,1198.27,468.70,199.25,453.28,1,-1,-1,-1
121,13,658.57,399.51,214.36,535.30,1,-1,-1,-1
121,15,859.35,395.45,170.68,539.30,1,-1,-1,-1
121,17,931.57,392.38,217.67,480.39,1,-1,-1,-1
122,1,798.28,431.59,194.44,433.76,1,-1,-1,-1
122,4,868.23,350.05,263.25,576.83,1,-1,-1,-1
122,6,1170.02,411.48,265.13,514.92,1,-1,-1,-1
122,7,1088.27,525.74,176.00,297.55,1,-1,-1,-1
122,9,582.79,403.65,227.41,441.13,1,-1,-1,-1
122,10,603.55,397.23,272.42,536.59,1,-1,-1,-1
122,12,1198.27,468.70,199.25,453.28,1,-1,-1,-1
122,13,658.57,399.51,214.36,535.30,1,-1,-1,-1
122,15,854.76,390.60,182.85,549.60,1,-1,-1,-1
122,17,962.83,425.82,197.98,428.45,1,-1,-1,-1
123,1,795.46,442.75,173.96,418.35,1,-1,-1,-1
123,4,880.37,391.99,222.02,485.40,1,-1,-1,-1
123,6,1147.66,409.10,286.51,512.75,1,-1,-1,-1
123,7,1120.46,528.62,135.26,295.86,1,-1,-1,-1
123,9,582.79,403.65,227.41,441.13,1,-1,-1,-1
123,10,603.11,402.37,266.61,531.51,1,-1,-1,-1
123,12,1198.27,468.70,199.25,453.28,1,-1,-1,-1
123,13,808.17,367.83,221.22,572.54,1,-1,-1,-1
123,15,834.91,386.86,199.42,553.67,1,-1,-1,-1
123,17,972.98,438.77,188.94,411.08,1,-1,-1,-1
124,1,784.99,425.55,168.57,435.68,1,-1,-1,-1
124,4,806.92,370.38,215.72,559.81,1,-1,-1,-1
124,6,1149.40,404.47,272.64,523.63,1,-1,-1,-1
124,7,1140.41,528.07,131.89,295.49,1,-1,-1,-1
124,9,582.79,403.65,227.41,441.13,1,-1,-1,-1
124,10,586.05,407.54,267.31,524.03,1,-1,-1,-1
124,12,1198.27,468.70,199.25,453.28,1,-1,-1,-1
124,13,883.70,383.06,204.92,489.70,1,-1,-1,-1
124,15,804.03,373.89,214.04,564.96,1,-1,-1,-1
124,17,977.62,440.96,180.63,401.41,1,-1,-1,-1
125,1,784.99,425.55,168.57,435.68,1,-1,-1,-1
125,4,781.48,369.64,229.45,564.98,1,-1,-1,-1
125,6,1146.16,408.74,270.29,522.87,1,-1,-1,-1
125,7,1144.19,527.22,135.62,299.08,1,-1,-1,-1
125,9,582.79,403.65,227.41,441.13,1,-1,-1,-1
125,10,585.23,415.77,245.34,511.12,1,-1,-1,-1
125,12,1198.27,468.70,199.25,453.28,1,-1,-1,-1
125,13,888.53,392.67,208.34,473.74,1,-1,-1,-1
125,15,804.03,373.89,214.04,564.96,1,-1,-1,-1
125,17,959.55,439.51,192.70,411.50,1,-1,-1,-1
126,1,784.99,425.55,168.57,435.68,1,-1,-1,-1
126,4,772.42,409.79,219.72,524.25,1,-1,-1,-1
126,6,1090.34,398.67,314.79,533.91,1,-1,-1,-1
126,7,1091.41,498.20,215.16,326.59,1,-1,-1,-1
126,10,574.82,422.57,242.27,499.00,1,-1,-1,-1
126,12,1112.26,470.87,229.82,460.28,1,-1,-1,-1
126,13,880.14,402.26,205.86,463.73,1,-1,-1,-1
126,15,804.03,373.89,214.04,564.96,1,-1,-1,-1
126,17,957.16,441.00,190.75,396.65,1,-1,-1,-1
127,1,784.99,425.55,168.57,435.68,1,-1,-1,-1
127,4,763.95,402.15,217.72,531.15,1,-1,-1,-1
127,6,1075.05,395.95,320.97,533.76,1,-1,-1,-1
127,7,1091.41,498.20,215.16,326.59,1,-1,-1,-1
127,10,571.77,433.31,239.28,487.99,1,-1,-1,-1
127,12,1112.26,470.87,229.82,460.28,1,-1,-1,-1
127,13,867.41,404.68,204.91,458.81,1,-1,-1,-1
127,15,804.03,373.89,214.04,564.96,1,-1,-1,-1
127,16,884.02,498.27,194.82,366.69,1,-1,-1,-1
127,17,960.45,441.98,186.23,397.14,1,-1,-1,-1
128,1,784.99,425.55,168.57,435.68,1,-1,-1,-1
128,4,744.81,430.35,220.41,499.34,1,-1,-1,-1
128,6,1088.14,395.06,273.42,533.95,1,-1,-1,-1
128,7,1091.41,498.20,215.16,326.59,1,-1,-1,-1
128,10,563.21,420.16,248.12,497.05,1,-1,-1,-1
128,12,1204.68,415.06,161.16,467.10,1,-1,-1,-1
128,13,855.33,399.30,195.06,466.42,1,-1,-1,-1
128,15,804.03,373.89,214.04,564.96,1,-1,-1,-1
128,16,884.02,498.27,194.82,366.69,1,-1,-1,-1
128,17,971.12,445.32,166.07,397.72,1,-1,-1,-1
129,1,784.99,425.55,168.57,435.68,1,-1,-1,-1
129,4,738.31,409.87,218.01,516.90,1,-1,-1,-1
129,6,1072.34,395.73,269.85,533.99,1,-1,-1,-1
129,7,1091.41,498.20,215.16,326.59,1,-1,-1,-1
129,10,538.14,393.47,262.83,520.40,1,-1,-1,-1
129,12,1210.38,406.33,157.79,469.83,1,-1,-1,-1
129,13,854.19,416.71,177.74,446.76,1,-1,-1,-1
129,15,747.10,373.98,214.14,555.16,1,-1,-1,-1
129,16,884.02,498.27,194.82,366.69,1,-1,-1,-1
129,17,964.61,448.80,162.78,395.97,1,-1,-1,-1
130,4,749.87,379.97,195.35,547.44,1,-1,-1,-1
130,6,1062.39,399.34,261.61,525.18,1,-1,-1,-1
130,7,1091.41,498.20,215.16,326.59,1,-1,-1,-1
130,10,563.37,434.01,237.64,466.71,1,-1,-1,-1
130,12,1204.76,409.44,158.34,466.50,1,-1,-1,-1
130,13,854.85,462.55,173.89,401.21,1,-1,-1,-1
130,15,747.10,373.98,214.14,555.16,1,-1,-1,-1
130,16,884.02,498.27,194.82,366.69,1,-1,-1,-1
130,17,957.87,467.09,173.15,374.33,1,-1,-1,-1
131,4,750.18,382.77,186.48,516.57,1,-1,-1,-1
131,6,1058.33,396.56,252.04,525.50,1,-1,-1,-1
131,7,1091.41,498.20,215.16,326.59,1,-1,-1,-1
131,10,566.98,435.68,225.80,465.68,1,-1,-1,-1
131,12,1185.33,407.82,176.42,467.98,1,-1,-1,-1
131,13,825.55,421.49,201.83,444.79,1,-1,-1,-1
131,15,725.26,383.67,205.92,541.23,1,-1,-1,-1
131,16,884.02,498.27,194.82,366.69,1,-1,-1,-1
131,17,945.62,447.69,191.87,397.34,1,-1,-1,-1
132,4,750.18,382.77,186.48,516.57,1,-1,-1,-1
132,6,1029.18,454.66,238.77,468.39,1,-1,-1,-1
132,7,1034.63,400.67,250.31,514.80,1,-1,-1,-1
132,10,564.31,452.13,211.83,440.35,1,-1,-1,-1
132,12,1184.22,400.07,172.80,478.01,1,-1,-1,-1
132,13,820.77,450.34,167.67,413.97,1,-1,-1,-1
132,15,685.12,379.75,222.68,543.04,1,-1,-1,-1
132,16,884.02,498.27,194.82,366.69,1,-1,-1,-1
132,17,922.22,444.75,203.34,404.20,1,-1,-1,-1
133,4,750.18,382.77,186.48,516.57,1,-1,-1,-1
133,6,1013.87,401.49,249.25,524.92,1,-1,-1,-1
133,7,1034.63,400.67,250.31,514.80,1,-1,-1,-1
133,10,561.68,447.17,219.52,443.16,1,-1,-1,-1
133,12,1156.60,414.70,192.98,464.86,1,-1,-1,-1
133,13,809.06,419.83,153.15,442.17,1,-1,-1,-1
133,15,677.73,389.39,223.95,532.15,1,-1,-1,-1
133,16,905.80,452.75,209.45,405.16,1,-1,-1,-1
133,17,930.63,444.37,193.11,410.42,1,-1,-1,-1
134,1,796.42,452.81,152.42,411.78,1,-1,-1,-1
134,4,750.18,382.77,186.48,516.57,1,-1,-1,-1
134,6,989.13,399.49,245.24,523.86,1,-1,-1,-1
134,7,1034.63,400.67,250.31,514.80,1,-1,-1,-1
134,10,554.54,432.23,224.01,449.02,1,-1,-1,-1
134,12,1151.88,410.53,197.09,470.42,1,-1,-1,-1
134,13,809.06,419.83,153.15,442.17,1,-1,-1,-1
134,15,678.83,385.13,221.33,532.16,1,-1,-1,-1
134,16,931.49,530.38,138.85,318.85,1,-1,-1,-1
134,17,958.76,500.13,160.57,351.26,1,-1,-1,-1
135,1,796.44,479.05,145.15,386.08,1,-1,-1,-1
135,4,750.18,382.77,186.48,516.57,1,-1,-1,-1
135,6,973.81,392.13,251.61,533.66,1,-1,-1,-1
135,7,1034.63,400.67,250.31,514.80,1,-1,-1,-1
135,10,550.81,448.70,218.16,427.54,1,-1,-1,-1
135,12,1131.80,422.74,217.79,459.38,1,-1,-1,-1
135,13,809.06,419.83,153.15,442.17,1,-1,-1,-1
135,15,679.13,375.60,217.15,540.57,1,-1,-1,-1
135,16,920.98,516.39,139.61,325.68,1,-1,-1,-1
135,17,960.32,499.91,171.69,350.50,1,-1,-1,-1
136,1,853.38,471.77,158.71,384.12,1,-1,-1,-1
136,4,659.89,391.99,237.88,521.41,1,-1,-1,-1
136,6,967.76,398.20,240.78,526.73,1,-1,-1,-1
136,7,1034.63,400.67,250.31,514.80,1,-1,-1,-1
136,10,537.33,453.39,236.17,419.92,1,-1,-1,-1
136,12,1133.67,437.34,215.07,447.45,1,-1,-1,-1
136,13,772.99,448.31,154.82,417.16,1,-1,-1,-1
136,15,646.12,459.56,225.20,447.86,1,-1,-1,-1
136,16,904.19,498.16,155.44,355.68,1,-1,-1,-1
136,17,960.32,499.91,171.69,350.50,1,-1,-1,-1
137,1,788.15,472.37,149.65,389.53,1,-1,-1,-1
137,4,632.10,382.59,262.94,525.98,1,-1,-1,-1
137,6,960.12,393.50,231.04,530.54,1,-1,-1,-1
137,7,1034.63,400.67,250.31,514.80,1,-1,-1,-1
137,10,533.15,459.52,227.40,413.34,1,-1,-1,-1
137,12,1142.63,436.31,198.79,446.37,1,-1,-1,-1
137,13,755.41,448.87,167.12,409.90,1,-1,-1,-1
137,15,646.12,459.56,225.20,447.86,1,-1,-1,-1
137,16,861.97,456.60,176.21,383.08,1,-1,-1,-1
137,17,960.32,499.91,171.69,350.50,1,-1,-1,-1
138,1,790.57,499.76,144.74,360.67,1,-1,-1,-1
138,4,616.76,388.77,258.35,514.42,1,-1,-1,-1
138,6,952.34,395.35,220.15,529.96,1,-1,-1,-1
138,10,519.94,453.48,239.16,417.62,1,-1,-1,-1
138,12,1133.06,444.43,200.81,439.33,1,-1,-1,-1
138,13,747.55,457.50,171.10,404.74,1,-1,-1,-1
138,15,646.12,459.56,225.20,447.86,1,-1,-1,-1
138,16,875.70,493.37,163.47,356.81,1,-1,-1,-1
138,17,949.84,413.76,206.44,503.55,1,-1,-1,-1
139,1,810.33,446.43,153.43,412.41,1,-1,-1,-1
139,4,616.76,388.77,258.35,514.42,1,-1,-1,-1
139,6,926.53,396.45,234.00,527.73,1,-1,-1,-1
139,7,1101.51,505.01,154.86,323.04,1,-1,-1,-1
139,10,517.10,439.92,240.08,430.97,1,-1,-1,-1
139,12,1144.62,444.30,189.46,440.95,1,-1,-1,-1
139,13,745.04,455.89,152.55,401.28,1,-1,-1,-1
139,15,618.34,397.46,261.49,505.86,1,-1,-1,-1
139,16,875.70,493.37,163.47,356.81,1,-1,-1,-1
139,17,1049.80,524.30,135.61,306.65,1,-1,-1,-1
140,1,807.77,445.54,147.99,409.67,1,-1,-1,-1
140,4,527.71,381.81,303.62,519.27,1,-1,-1,-1
140,6,904.60,396.57,253.40,526.05,1,-1,-1,-1
140,7,1100.74,505.28,160.58,320.05,1,-1,-1,-1
140,10,514.99,451.44,245.92,419.78,1,-1,-1,-1
140,12,1144.63,445.04,163.34,447.88,1,-1,-1,-1
140,13,744.25,453.64,159.22,399.30,1,-1,-1,-1
140,15,618.34,397.46,261.49,505.86,1,-1,-1,-1
140,16,875.70,493.37,163.47,356.81,1,-1,-1,-1
140,17,1077.77,541.80,110.15,271.39,1,-1,-1,-1
141,1,809.22,455.09,153.45,398.52,1,-1,-1,-1
141,4,515.15,384.86,295.94,509.26,1,-1,-1,-1
141,6,859.36,395.96,282.65,525.08,1,-1,-1,-1
141,7,990.71,463.10,183.89,388.88,1,-1,-1,-1
141,10,514.99,451.44,245.92,419.78,1,-1,-1,-1
141,12,1121.77,462.99,166.26,434.63,1,-1,-1,-1
141,13,730.66,459.86,175.26,389.86,1,-1,-1,-1
141,15,618.34,397.46,261.49,505.86,1,-1,-1,-1
141,16,875.70,493.37,163.47,356.81,1,-1,-1,-1
141,17,1079.53,513.57,137.33,304.20,1,-1,-1,-1
142,1,812.72,463.91,169.14,388.68,1,-1,-1,-1
142,4,514.70,378.25,327.43,512.90,1,-1,-1,-1
142,6,853.59,393.66,277.75,527.01,1,-1,-1,-1
142,7,1062.55,497.75,165.85,325.99,1,-1,-1,-1
142,10,514.99,451.44,245.92,419.78,1,-1,-1,-1
142,12,1110.64,470.68,221.73,423.48,1,-1,-1,-1
142,13,733.66,459.00,176.35,386.87,1,-1,-1,-1
142,15,618.34,397.46,261.49,505.86,1,-1,-1,-1
142,16,970.07,485.15,194.42,355.22,1,-1,-1,-1
142,17,1106.66,487.10,212.98,399.18,1,-1,-1,-1
143,1,813.38,457.07,159.85,395.93,1,-1,-1,-1
143,2,707.86,468.62,161.79,363.03,1,-1,-1,-1
143,4,518.82,389.09,308.31,504.62,1,-1,-1,-1
143,6,832.79,382.42,303.38,534.20,1,-1,-1,-1
143,7,1063.63,512.38,152.87,312.50,1,-1,-1,-1
143,9,523.78,392.38,290.45,494.48,1,-1,-1,-1
143,10,514.56,459.89,238.25,414.04,1,-1,-1,-1
143,12,1104.20,487.32,227.35,406.93,1,-1,-1,-1
143,13,730.10,466.68,167.04,378.30,1,-1,-1,-1
143,15,815.76,389.65,292.44,527.70,1,-1,-1,-1
143,16,980.44,502.81,190.78,339.62,1,-1,-1,-1
143,17,1105.03,479.64,237.54,412.32,1,-1,-1,-1
144,1,805.25,445.33,195.88,414.36,1,-1,-1,-1
144,2,707.86,468.62,161.79,363.03,1,-1,-1,-1
144,4,518.82,389.09,308.31,504.62,1,-1,-1,-1
144,6,806.87,382.07,282.71,533.07,1,-1,-1,-1
144,7,1063.63,512.38,152.87,312.50,1,-1,-1,-1
144,9,512.77,396.25,276.09,499.79,1,-1,-1,-1
144,10,514.56,459.89,238.25,414.04,1,-1,-1,-1
144,12,1104.20,487.32,227.35,406.93,1,-1,-1,-1
144,13,717.48,462.65,176.98,362.89,1,-1,-1,-1
144,15,815.76,389.65,292.44,527.70,1,-1,-1,-1
144,16,990.46,502.79,172.27,352.66,1,-1,-1,-1
144,17,1156.06,486.68,178.23,376.65,1,-1,-1,-1
145,1,805.25,445.33,195.88,414.36,1,-1,-1,-1
145,2,707.86,468.62,161.79,363.03,1,-1,-1,-1
145,4,518.82,389.09,308.31,504.62,1,-1,-1,-1
145,6,796.33,405.12,259.66,508.27,1,-1,-1,-1
145,7,1071.68,499.38,157.53,386.33,1,-1,-1,-1
145,9,523.76,393.87,260.64,501.74,1,-1,-1,-1
145,10,514.56,459.89,238.25,414.04,1,-1,-1,-1
145,12,1143.87,473.50,187.58,392.00,1,-1,-1,-1
145,13,721.27,473.61,153.23,344.76,1,-1,-1,-1
145,15,815.76,389.65,292.44,527.70,1,-1,-1,-1
145,16,1003.23,512.10,152.82,332.84,1,-1,-1,-1
145,17,1147.13,478.07,187.39,381.69,1,-1,-1,-1
146,1,897.37,405.15,151.80,442.35,1,-1,-1,-1
146,2,707.86,468.62,161.79,363.03,1,-1,-1,-1
146,4,518.82,389.09,308.31,504.62,1,-1,-1,-1
146,6,785.00,392.87,242.58,519.20,1,-1,-1,-1
146,7,1071.68,499.38,157.53,386.33,1,-1,-1,-1
146,9,527.23,389.10,255.05,504.04,1,-1,-1,-1
146,10,514.56,459.89,238.25,414.04,1,-1,-1,-1
146,12,1143.87,473.50,187.58,392.00,1,-1,-1,-1
146,13,721.27,473.61,153.23,344.76,1,-1,-1,-1
146,15,815.76,389.65,292.44,527.70,1,-1,-1,-1
146,16,1000.54,511.49,144.22,330.61,1,-1,-1,-1
146,17,1145.30,493.29,193.99,364.59,1,-1,-1,-1
146,18,1062.40,497.03,162.80,395.78,1,-1,-1,-1
147,1,895.63,405.01,143.12,436.78,1,-1,-1,-1
147,2,707.86,468.62,161.79,363.03,1,-1,-1,-1
147,4,518.82,389.09,308.31,504.62,1,-1,-1,-1
147,6,770.23,407.10,234.22,504.67,1,-1,-1,-1
147,7,1071.68,499.38,157.53,386.33,1,-1,-1,-1
147,9,528.16,384.40,253.28,496.81,1,-1,-1,-1
147,10,514.56,459.89,238.25,414.04,1,-1,-1,-1
147,12,1143.87,473.50,187.58,392.00,1,-1,-1,-1
147,13,721.27,473.61,153.23,344.76,1,-1,-1,-1
147,15,815.76,389.65,292.44,527.70,1,-1,-1,-1
147,16,994.86,492.15,150.32,346.87,1,-1,-1,-1
147,17,1139.52,486.10,196.58,375.07,1,-1,-1,-1
147,18,1053.08,473.44,169.10,416.94,1,-1,-1,-1
148,1,893.55,402.24,137.04,432.41,1,-1,-1,-1
148,2,741.47,465.64,139.01,368.57,1,-1,-1,-1
148,4,518.82,389.09,308.31,504.62,1,-1,-1,-1
148,6,770.20,401.63,219.95,508.60,1,-1,-1,-1
148,7,1119.57,535.09,113.84,304.19,1,-1,-1,-1
148,9,527.32,386.40,252.30,487.30,1,-1,-1,-1
148,10,514.56,459.89,238.25,414.04,1,-1,-1,-1
148,12,1143.87,473.50,187.58,392.00,1,-1,-1,-1
148,13,661.28,469.33,148.51,365.07,1,-1,-1,-1
148,15,771.77,388.85,228.93,520.78,1,-1,-1,-1
148,16,987.82,531.83,117.37,304.13,1,-1,-1,-1
148,17,1146.68,495.31,195.55,361.61,1,-1,-1,-1
148,18,1025.40,444.94,155.30,442.97,1,-1,-1,-1
149,1,918.74,441.43,113.52,394.13,1,-1,-1,-1
149,2,741.47,465.64,139.01,368.57,1,-1,-1,-1
149,6,753.15,402.12,228.65,502.74,1,-1,-1,-1
149,7,1119.57,535.09,113.84,304.19,1,-1,-1,-1
149,9,525.40,386.17,245.10,484.71,1,-1,-1,-1
149,12,1143.87,473.50,187.58,392.00,1,-1,-1,-1
149,13,662.36,470.00,149.19,358.80,1,-1,-1,-1
149,15,771.77,388.85,228.93,520.78,1,-1,-1,-1
149,16,984.54,529.14,110.01,306.14,1,-1,-1,-1
149,17,1142.49,500.59,188.51,354.25,1,-1,-1,-1
149,18,1011.32,430.68,155.81,458.62,1,-1,-1,-1
150,1,892.41,477.02,135.51,361.16,1,-1,-1,-1
150,2,741.47,465.64,139.01,368.57,1,-1,-1,-1
150,6,743.20,426.89,222.85,470.89,1,-1,-1,-1
150,7,1119.57,535.09,113.84,304.19,1,-1,-1,-1
150,9,522.79,407.06,237.67,460.23,1,-1,-1,-1
150,12,1143.87,473.50,187.58,392.00,1,-1,-1,-1
150,13,669.30,472.82,148.87,342.53,1,-1,-1,-1
150,15,771.77,388.85,228.93,520.78,1,-1,-1,-1
150,16,963.80,527.46,145.84,308.14,1,-1,-1,-1
150,17,1117.13,490.47,229.63,362.95,1,-1,-1,-1
150,18,966.68,434.96,198.91,452.27,1,-1,-1,-1
151,1,877.41,458.83,138.67,363.11,1,-1,-1,-1
151,2,741.47,465.64,139.01,368.57,1,-1,-1,-1
151,6,738.87,421.11,211.65,473.71,1,-1,-1,-1
151,7,1110.21,508.99,163.50,323.09,1,-1,-1,-1
151,9,522.79,407.06,237.67,460.23,1,-1,-1,-1
151,10,519.99,430.54,227.54,433.21,1,-1,-1,-1
151,12,1138.61,467.06,216.55,386.10,1,-1,-1,-1
151,13,688.96,511.61,124.97,299.63,1,-1,-1,-1
151,15,771.77,388.85,228.93,520.78,1,-1,-1,-1
151,16,963.80,527.46,145.84,308.14,1,-1,-1,-1
151,17,1117.13,490.47,229.63,362.95,1,-1,-1,-1
151,18,948.42,435.19,216.25,451.75,1,-1,-1,-1
152,1,883.66,458.45,141.46,361.91,1,-1,-1,-1
152,2,763.61,421.46,165.63,410.60,1,-1,-1,-1
152,6,720.74,414.18,199.12,474.62,1,-1,-1,-1
152,7,1110.21,508.99,163.50,323.09,1,-1,-1,-1
152,9,522.79,407.06,237.67,460.23,1,-1,-1,-1
152,10,518.14,449.81,225.07,405.65,1,-1,-1,-1
152,12,1138.61,467.06,216.55,386.10,1,-1,-1,-1
152,13,694.11,534.61,135.36,274.98,1,-1,-1,-1
152,15,771.77,388.85,228.93,520.78,1,-1,-1,-1
152,16,963.80,527.46,145.84,308.14,1,-1,-1,-1
152,17,1074.54,445.02,275.40,409.40,1,-1,-1,-1
152,18,905.42,419.14,252.23,464.25,1,-1,-1,-1
153,1,865.51,434.52,178.87,408.76,1,-1,-1,-1
153,2,763.61,421.46,165.63,410.60,1,-1,-1,-1
153,6,702.87,426.71,205.62,457.34,1,-1,-1,-1
153,7,1110.21,508.99,163.50,323.09,1,-1,-1,-1
153,9,522.79,407.06,237.67,460.23,1,-1,-1,-1
153,10,515.12,460.44,231.84,393.55,1,-1,-1,-1
153,12,1138.61,467.06,216.55,386.10,1,-1,-1,-1
153,13,694.11,534.61,135.36,274.98,1,-1,-1,-1
153,15,872.79,416.54,260.54,468.90,1,-1,-1,-1
153,16,1003.54,534.23,153.32,280.44,1,-1,-1,-1
153,17,1070.67,450.47,275.51,400.28,1,-1,-1,-1
153,18,888.01,419.19,260.97,461.21,1,-1,-1,-1
154,1,840.90,439.87,189.97,406.61,1,-1,-1,-1
154,2,743.03,416.07,179.09,410.05,1,-1,-1,-1
154,6,689.79,433.47,204.06,449.39,1,-1,-1,-1
154,7,1110.21,508.99,163.50,323.09,1,-1,-1,-1
154,9,522.79,407.06,237.67,460.23,1,-1,-1,-1
154,10,509.60,456.24,239.34,392.67,1,-1,-1,-1
154,12,1138.61,467.06,216.55,386.10,1,-1,-1,-1
154,13,694.11,534.61,135.36,274.98,1,-1,-1,-1
154,15,872.79,416.54,260.54,468.90,1,-1,-1,-1
154,16,1033.69,541.42,130.32,266.40,1,-1,-1,-1
154,17,1070.33,438.01,270.67,414.79,1,-1,-1,-1
154,18,873.84,422.52,256.94,457.16,1,-1,-1,-1
155,1,853.99,440.44,184.96,407.01,1,-1,-1,-1
155,2,724.98,408.19,191.99,434.03,1,-1,-1,-1
155,6,669.51,462.83,202.85,414.98,1,-1,-1,-1
155,7,1110.21,508.99,163.50,323.09,1,-1,-1,-1
155,9,506.21,398.80,250.83,454.14,1,-1,-1,-1
155,10,509.60,456.24,239.34,392.67,1,-1,-1,-1
155,12,1138.61,467.06,216.55,386.10,1,-1,-1,-1
155,13,694.11,534.61,135.36,274.98,1,-1,-1,-1
155,15,872.79,416.54,260.54,468.90,1,-1,-1,-1
155,16,1033.69,541.42,130.32,266.40,1,-1,-1,-1
155,17,1070.33,438.01,270.67,414.79,1,-1,-1,-1
155,18,866.04,429.36,242.49,446.87,1,-1,-1,-1
156,1,848.71,444.84,208.13,394.82,1,-1,-1,-1
156,2,764.09,509.18,145.33,316.35,1,-1,-1,-1
156,6,648.58,419.29,218.39,457.70,1,-1,-1,-1
156,7,1110.21,508.99,163.50,323.09,1,-1,-1,-1
156,9,506.21,398.80,250.83,454.14,1,-1,-1,-1
156,10,506.02,434.71,234.66,407.14,1,-1,-1,-1
156,12,1138.61,467.06,216.55,386.10,1,-1,-1,-1
156,13,792.74,526.50,128.12,284.68,1,-1,-1,-1
156,15,872.79,416.54,260.54,468.90,1,-1,-1,-1
156,16,1033.69,541.42,130.32,266.40,1,-1,-1,-1
156,17,1092.30,438.71,222.24,415.38,1,-1,-1,-1
156,18,892.82,443.79,212.50,388.50,1,-1,-1,-1
156,19,1057.82,529.48,128.80,274.75,1,-1,-1,-1
157,1,842.32,437.64,213.33,434.92,1,-1,-1,-1
157,2,775.05,516.83,136.88,309.65,1,-1,-1,-1
157,6,641.02,413.41,218.14,462.85,1,-1,-1,-1
157,9,506.21,398.80,250.83,454.14,1,-1,-1,-1
157,10,511.96,419.70,227.88,421.22,1,-1,-1,-1
157,13,795.13,525.09,137.67,295.12,1,-1,-1,-1
157,15,872.79,416.54,260.54,468.90,1,-1,-1,-1
157,16,1033.69,541.42,130.32,266.40,1,-1,-1,-1
157,17,1082.42,441.07,227.00,414.73,1,-1,-1,-1
157,18,954.28,462.28,158.51,361.16,1,-1,-1,-1
157,19,1063.37,513.72,158.88,296.78,1,-1,-1,-1
158,1,840.88,418.72,209.15,455.03,1,-1,-1,-1
158,2,765.56,513.52,145.92,312.83,1,-1,-1,-1
158,6,632.70,414.39,217.12,460.34,1,-1,-1,-1
158,9,506.21,398.80,250.83,454.14,1,-1,-1,-1
158,10,508.10,442.60,239.68,398.45,1,-1,-1,-1
158,13,795.13,525.09,137.67,295.12,1,-1,-1,-1
158,15,872.79,416.54,260.54,468.90,1,-1,-1,-1
158,16,1033.69,541.42,130.32,266.40,1,-1,-1,-1
158,17,1051.33,437.91,252.67,420.66,1,-1,-1,-1
158,18,954.14,465.94,160.12,358.87,1,-1,-1,-1
158,19,1063.37,513.72,158.88,296.78,1,-1,-1,-1
159,1,838.56,417.42,206.89,455.51,1,-1,-1,-1
159,2,768.59,511.68,137.33,308.62,1,-1,-1,-1
159,4,614.91,400.66,233.21,473.85,1,-1,-1,-1
159,6,626.19,411.48,219.81,461.89,1,-1,-1,-1
159,9,506.21,398.80,250.83,454.14,1,-1,-1,-1
159,10,506.95,448.18,241.48,394.76,1,-1,-1,-1
159,13,795.13,525.09,137.67,295.12,1,-1,-1,-1
159,16,948.73,528.44,158.72,297.23,1,-1,-1,-1
159,17,1019.35,442.85,281.73,409.40,1,-1,-1,-1
159,18,852.18,414.67,224.72,451.69,1,-1,-1,-1
159,19,1063.37,513.72,158.88,296.78,1,-1,-1,-1
160,1,804.55,419.71,217.34,451.17,1,-1,-1,-1
160,2,747.90,458.89,169.00,386.12,1,-1,-1,-1
160,4,614.91,400.66,233.21,473.85,1,-1,-1,-1
160,6,608.05,402.89,207.33,465.57,1,-1,-1,-1
160,9,506.21,398.80,250.83,454.14,1,-1,-1,-1
160,10,513.24,417.87,209.65,417.64,1,-1,-1,-1
160,13,795.13,525.09,137.67,295.12,1,-1,-1,-1
160,16,934.95,511.68,136.24,318.66,1,-1,-1,-1
160,17,1011.09,449.20,277.58,407.81,1,-1,-1,-1
160,18,852.18,414.67,224.72,451.69,1,-1,-1,-1
160,19,1063.37,513.72,158.88,296.78,1,-1,-1,-1
161,1,790.82,431.45,227.43,438.02,1,-1,-1,-1
161,2,747.58,442.03,193.44,407.43,1,-1,-1,-1
161,4,614.91,400.66,233.21,473.85,1,-1,-1,-1
161,6,600.97,403.78,205.29,461.94,1,-1,-1,-1
161,7,1102.16,463.03,175.70,369.45,1,-1,-1,-1
161,10,513.72,436.59,201.00,399.48,1,-1,-1,-1
161,13,903.38,515.85,146.77,315.60,1,-1,-1,-1
161,16,934.57,512.27,134.66,316.30,1,-1,-1,-1
161,17,998.33,448.12,280.43,411.94,1,-1,-1,-1
161,18,852.18,414.67,224.72,451.69,1,-1,-1,-1
161,19,1063.37,513.72,158.88,296.78,1,-1,-1,-1
162,1,785.88,435.45,224.61,433.00,1,-1,-1,-1
162,2,746.05,441.43,213.67,417.93,1,-1,-1,-1
162,4,614.91,400.66,233.21,473.85,1,-1,-1,-1
162,6,596.67,414.31,188.26,452.57,1,-1,-1,-1
162,7,1107.74,461.86,166.80,363.77,1,-1,-1,-1
162,10,512.96,437.85,197.65,398.94,1,-1,-1,-1
162,13,941.28,503.30,148.91,321.42,1,-1,-1,-1
162,15,982.40,447.70,241.68,418.29,1,-1,-1,-1
162,16,913.85,473.67,148.15,353.26,1,-1,-1,-1
162,17,980.68,443.53,290.38,412.89,1,-1,-1,-1
162,18,852.18,414.67,224.72,451.69,1,-1,-1,-1
162,19,1063.37,513.72,158.88,296.78,1,-1,-1,-1
163,1,749.47,437.22,235.74,431.07,1,-1,-1,-1
163,2,746.05,441.43,213.67,417.93,1,-1,-1,-1
163,4,614.91,400.66,233.21,473.85,1,-1,-1,-1
163,6,578.71,405.56,198.87,460.78,1,-1,-1,-1
163,7,1102.99,461.51,173.76,366.54,1,-1,-1,-1
163,10,515.40,469.71,204.24,357.75,1,-1,-1,-1
163,13,941.28,503.30,148.91,321.42,1,-1,-1,-1
163,15,982.40,447.70,241.68,418.29,1,-1,-1,-1
163,16,886.24,493.26,167.38,337.13,1,-1,-1,-1
163,17,985.28,465.62,226.56,394.17,1,-1,-1,-1
163,18,857.38,449.88,197.10,384.62,1,-1,-1,-1
164,1,730.88,430.92,221.66,436.85,1,-1,-1,-1
164,2,746.05,441.43,213.67,417.93,1,-1,-1,-1
164,4,614.91,400.66,233.21,473.85,1,-1,-1,-1
164,6,554.93,412.94,193.88,451.20,1,-1,-1,-1
164,7,1064.49,450.11,220.34,389.09,1,-1,-1,-1
164,10,515.40,469.71,204.24,357.75,1,-1,-1,-1
164,13,941.28,503.30,148.91,321.42,1,-1,-1,-1
164,15,982.40,447.70,241.68,418.29,1,-1,-1,-1
164,16,853.53,515.36,179.18,315.10,1,-1,-1,-1
164,17,953.18,468.72,236.19,396.72,1,-1,-1,-1
164,18,935.36,469.94,220.06,385.39,1,-1,-1,-1
165,1,723.09,416.74,227.11,451.56,1,-1,-1,-1
165,2,746.05,441.43,213.67,417.93,1,-1,-1,-1
165,6,554.93,412.94,193.88,451.20,1,-1,-1,-1
165,7,1076.98,506.28,192.03,328.39,1,-1,-1,-1
165,9,529.90,401.58,244.00,458.46,1,-1,-1,-1
165,10,619.81,499.54,148.80,310.84,1,-1,-1,-1
165,13,941.28,503.30,148.91,321.42,1,-1,-1,-1
165,15,982.40,447.70,241.68,418.29,1,-1,-1,-1
165,16,855.37,526.86,170.77,304.70,1,-1,-1,-1
165,17,953.18,468.72,236.19,396.72,1,-1,-1,-1
165,18,939.07,471.70,225.68,389.45,1,-1,-1,-1
166,1,712.32,434.65,220.95,430.80,1,-1,-1,-1
166,2,746.05,441.43,213.67,417.93,1,-1,-1,-1
166,6,552.68,410.15,207.11,448.93,1,-1,-1,-1
166,7,1081.26,465.97,199.21,371.09,1,-1,-1,-1
166,9,529.90,401.58,244.00,458.46,1,-1,-1,-1
166,10,619.81,499.54,148.80,310.84,1,-1,-1,-1
166,13,941.28,503.30,148.91,321.42,1,-1,-1,-1
166,15,982.40,447.70,241.68,418.29,1,-1,-1,-1
166,16,849.62,509.76,166.12,316.85,1,-1,-1,-1
166,17,938.36,469.64,220.34,393.40,1,-1,-1,-1
166,18,939.07,471.70,225.68,389.45,1,-1,-1,-1
167,1,712.91,446.68,213.58,417.87,1,-1,-1,-1
167,2,796.14,460.93,190.86,372.99,1,-1,-1,-1
167,6,552.14,410.66,186.99,443.47,1,-1,-1,-1
167,7,1077.48,460.03,204.11,378.13,1,-1,-1,-1
167,9,529.90,401.58,244.00,458.46,1,-1,-1,-1
167,10,654.86,543.97,135.88,259.46,1,-1,-1,-1
167,13,941.28,503.30,148.91,321.42,1,-1,-1,-1
167,15,982.40,447.70,241.68,418.29,1,-1,-1,-1
167,16,821.74,490.03,174.57,339.13,1,-1,-1,-1
167,17,919.38,452.79,256.41,410.97,1,-1,-1,-1
167,18,939.07,471.70,225.68,389.45,1,-1,-1,-1
168,1,711.46,443.29,204.89,420.39,1,-1,-1,-1
168,2,851.89,475.34,159.82,354.72,1,-1,-1,-1
168,6,547.71,408.48,166.33,438.99,1,-1,-1,-1
168,7,1065.19,461.82,200.64,376.49,1,-1,-1,-1
168,9,529.90,401.58,244.00,458.46,1,-1,-1,-1
168,10,645.14,530.95,155.91,273.42,1,-1,-1,-1
168,16,821.74,490.03,174.57,339.13,1,-1,-1,-1
168,17,912.67,449.83,219.75,414.13,1,-1,-1,-1
168,18,939.07,471.70,225.68,389.45,1,-1,-1,-1
169,1,713.50,456.93,184.98,409.66,1,-1,-1,-1
169,2,832.45,464.72,190.46,358.90,1,-1,-1,-1
169,6,543.52,400.53,184.38,446.37,1,-1,-1,-1
169,7,1068.61,476.98,192.68,362.33,1,-1,-1,-1
169,9,529.90,401.58,244.00,458.46,1,-1,-1,-1
169,10,671.15,552.32,127.96,247.76,1,-1,-1,-1
169,16,801.58,461.41,155.57,357.05,1,-1,-1,-1
169,17,898.06,441.44,225.60,424.16,1,-1,-1,-1
169,18,939.07,471.70,225.68,389.45,1,-1,-1,-1
170,1,689.80,440.13,191.40,426.36,1,-1,-1,-1
170,2,808.28,457.48,166.48,365.17,1,-1,-1,-1
170,6,543.52,400.53,184.38,446.37,1,-1,-1,-1
170,7,1055.47,472.35,206.90,367.01,1,-1,-1,-1
170,9,533.58,394.24,222.48,453.37,1,-1,-1,-1
170,10,680.34,547.45,118.27,252.88,1,-1,-1,-1
170,16,758.21,456.69,158.60,366.06,1,-1,-1,-1
170,17,891.36,433.15,220.94,434.33,1,-1,-1,-1
170,18,939.07,471.70,225.68,389.45,1,-1,-1,-1
171,1,689.80,440.13,191.40,426.36,1,-1,-1,-1
171,2,815.31,461.67,162.57,362.67,1,-1,-1,-1
171,6,543.52,400.53,184.38,446.37,1,-1,-1,-1
171,7,1050.91,464.26,215.67,374.99,1,-1,-1,-1
171,9,534.88,390.81,216.50,455.43,1,-1,-1,-1
171,10,680.34,547.45,118.27,252.88,1,-1,-1,-1
171,16,746.48,460.32,164.09,360.62,1,-1,-1,-1
171,17,909.43,443.43,194.50,423.54,1,-1,-1,-1
172,1,661.50,438.87,230.59,423.40,1,-1,-1,-1
172,2,818.98,450.24,203.03,407.49,1,-1,-1,-1
172,6,528.28,404.13,225.06,438.48,1,-1,-1,-1
172,7,1043.10,459.71,189.22,382.25,1,-1,-1,-1
172,9,528.62,402.16,228.95,442.85,1,-1,-1,-1
172,10,680.34,547.45,118.27,252.88,1,-1,-1,-1
172,16,747.36,460.82,161.98,363.68,1,-1,-1,-1
172,17,933.10,449.03,171.55,413.77,1,-1,-1,-1
173,1,651.02,438.93,192.44,400.28,1,-1,-1,-1
173,2,815.04,449.64,200.03,416.11,1,-1,-1,-1
173,6,528.28,441.47,174.86,388.20,1,-1,-1,-1
173,7,1045.43,461.97,180.76,381.70,1,-1,-1,-1
173,9,529.36,430.63,225.28,413.84,1,-1,-1,-1
173,10,680.34,547.45,118.27,252.88,1,-1,-1,-1
173,16,759.65,465.44,150.51,354.50,1,-1,-1,-1
173,17,946.40,464.49,158.17,398.08,1,-1,-1,-1
174,1,646.53,442.47,183.58,403.90,1,-1,-1,-1
174,2,816.88,454.28,207.91,406.45,1,-1,-1,-1
174,6,528.39,447.67,174.09,381.80,1,-1,-1,-1
174,7,1035.58,461.33,241.30,380.51,1,-1,-1,-1
174,9,532.46,443.46,217.85,397.08,1,-1,-1,-1
174,10,593.33,523.55,160.99,292.50,1,-1,-1,-1
174,16,765.41,472.11,142.42,344.68,1,-1,-1,-1
174,17,945.31,481.59,150.18,378.58,1,-1,-1,-1
175,1,645.75,436.88,185.22,414.83,1,-1,-1,-1
175,2,811.73,457.77,200.50,386.41,1,-1,-1,-1
175,6,530.18,456.38,165.40,373.92,1,-1,-1,-1
175,7,1035.58,461.33,241.30,380.51,1,-1,-1,-1
175,9,533.49,449.45,201.79,388.04,1,-1,-1,-1
175,10,599.13,523.41,140.79,293.91,1,-1,-1,-1
175,16,769.27,470.34,140.19,348.53,1,-1,-1,-1
175,17,949.45,508.76,144.76,323.08,1,-1,-1,-1
175,18,849.33,461.93,187.84,402.28,1,-1,-1,-1
176,1,651.80,449.98,172.40,396.43,1,-1,-1,-1
176,2,810.97,442.54,194.37,421.37,1,-1,-1,-1
176,6,529.30,458.37,174.43,371.50,1,-1,-1,-1
176,7,1023.15,458.86,185.07,385.57,1,-1,-1,-1
176,9,533.49,449.45,201.79,388.04,1,-1,-1,-1
176,10,608.19,530.10,124.99,298.07,1,-1,-1,-1
176,12,1098.62,451.10,186.83,388.43,1,-1,-1,-1
176,13,1012.38,479.82,144.05,356.89,1,-1,-1,-1
176,16,768.76,471.06,149.17,347.68,1,-1,-1,-1
176,17,946.73,534.46,123.15,288.26,1,-1,-1,-1
176,18,849.33,461.93,187.84,402.28,1,-1,-1,-1
177,1,648.33,468.69,154.57,378.65,1,-1,-1,-1
177,2,866.41,461.86,136.39,377.87,1,-1,-1,-1
177,4,781.10,441.59,187.20,417.92,1,-1,-1,-1
177,6,525.83,459.58,163.75,367.16,1,-1,-1,-1
177,7,1013.63,472.88,151.39,367.07,1,-1,-1,-1
177,9,533.49,449.45,201.79,388.04,1,-1,-1,-1
177,10,614.61,525.58,116.03,301.91,1,-1,-1,-1
177,12,1108.42,472.48,164.62,358.85,1,-1,-1,-1
177,13,1012.38,479.82,144.05,356.89,1,-1,-1,-1
177,16,781.58,451.84,158.94,401.73,1,-1,-1,-1
177,17,927.70,523.75,132.15,299.68,1,-1,-1,-1
177,18,913.01,487.32,144.28,338.19,1,-1,-1,-1
178,1,631.51,460.24,163.82,383.10,1,-1,-1,-1
178,2,866.41,461.86,136.39,377.87,1,-1,-1,-1
178,4,781.10,441.59,187.20,417.92,1,-1,-1,-1
178,6,526.25,464.81,165.26,361.38,1,-1,-1,-1
178,7,1009.41,474.97,154.58,365.52,1,-1,-1,-1
178,9,533.49,449.45,201.79,388.04,1,-1,-1,-1
178,10,614.61,525.58,116.03,301.91,1,-1,-1,-1
178,12,1106.93,464.69,158.44,368.22,1,-1,-1,-1
178,13,1012.38,479.82,144.05,356.89,1,-1,-1,-1
178,16,799.47,452.28,163.88,407.76,1,-1,-1,-1
178,17,929.10,539.87,126.89,284.41,1,-1,-1,-1
178,18,913.01,487.32,144.28,338.19,1,-1,-1,-1
179,1,619.40,462.26,174.71,381.92,1,-1,-1,-1
179,2,866.41,461.86,136.39,377.87,1,-1,-1,-1
179,4,781.10,441.59,187.20,417.92,1,-1,-1,-1
179,6,524.62,464.94,176.07,363.01,1,-1,-1,-1
179,7,1004.41,468.70,160.49,374.64,1,-1,-1,-1
179,9,533.49,449.45,201.79,388.04,1,-1,-1,-1
179,10,614.61,525.58,116.03,301.91,1,-1,-1,-1
179,12,1106.67,464.24,163.91,367.07,1,-1,-1,-1
179,13,1012.38,479.82,144.05,356.89,1,-1,-1,-1
179,16,796.90,453.32,163.07,407.17,1,-1,-1,-1
179,17,923.03,539.00,127.56,281.94,1,-1,-1,-1
179,18,988.81,487.04,108.75,326.47,1,-1,-1,-1
179,20,745.90,560.94,115.23,231.17,1,-1,-1,-1
180,1,608.87,462.13,172.62,379.54,1,-1,-1,-1
180,2,866.41,461.86,136.39,377.87,1,-1,-1,-1
180,4,781.10,441.59,187.20,417.92,1,-1,-1,-1
180,6,531.11,463.73,172.05,363.82,1,-1,-1,-1
180,7,983.59,451.22,188.10,395.02,1,-1,-1,-1
180,9,533.49,449.45,201.79,388.04,1,-1,-1,-1
180,10,614.61,525.58,116.03,301.91,1,-1,-1,-1
180,12,1094.14,466.16,181.67,364.51,1,-1,-1,-1
180,13,1012.38,479.82,144.05,356.89,1,-1,-1,-1
180,16,765.52,450.47,191.37,411.10,1,-1,-1,-1
180,17,898.07,526.23,149.10,293.22,1,-1,-1,-1
180,18,988.81,487.04,108.75,326.47,1,-1,-1,-1
180,20,745.90,560.94,115.23,231.17,1,-1,-1,-1
181,1,605.76,470.19,172.90,369.50,1,-1,-1,-1
181,2,860.48,484.94,130.05,319.43,1,-1,-1,-1
181,4,781.10,441.59,187.20,417.92,1,-1,-1,-1
181,6,541.12,475.52,157.43,352.82,1,-1,-1,-1
181,7,985.75,460.45,166.19,388.85,1,-1,-1,-1
181,10,614.61,525.58,116.03,301.91,1,-1,-1,-1
181,12,1080.78,471.56,184.41,364.31,1,-1,-1,-1
181,13,1012.38,479.82,144.05,356.89,1,-1,-1,-1
181,16,742.34,442.44,211.22,419.25,1,-1,-1,-1
181,17,910.40,490.08,148.71,335.54,1,-1,-1,-1
181,18,988.81,487.04,108.75,326.47,1,-1,-1,-1
181,20,745.90,560.94,115.23,231.17,1,-1,-1,-1
182,1,603.64,479.38,172.37,356.43,1,-1,-1,-1
182,2,852.87,498.92,135.21,312.18,1,-1,-1,-1
182,4,805.10,465.18,146.25,357.94,1,-1,-1,-1
182,6,560.33,488.30,136.31,337.01,1,-1,-1,-1
182,7,980.72,460.39,167.66,388.42,1,-1,-1,-1
182,10,614.61,525.58,116.03,301.91,1,-1,-1,-1
182,12,1077.49,482.00,184.18,352.49,1,-1,-1,-1
182,16,737.12,457.17,204.55,403.10,1,-1,-1,-1
182,17,927.44,483.21,141.77,344.92,1,-1,-1,-1
182,18,988.81,487.04,108.75,326.47,1,-1,-1,-1
182,20,745.90,560.94,115.23,231.17,1,-1,-1,-1
183,1,574.92,481.31,197.60,353.98,1,-1,-1,-1
183,2,829.60,505.32,140.63,341.47,1,-1,-1,-1
183,4,793.45,466.70,166.90,375.90,1,-1,-1,-1
183,6,561.62,484.91,135.57,335.25,1,-1,-1,-1
183,7,955.79,455.21,183.65,393.94,1,-1,-1,-1
183,12,1068.85,491.25,179.57,340.57,1,-1,-1,-1
183,16,731.49,459.35,189.26,398.70,1,-1,-1,-1
183,17,853.67,521.44,148.23,321.96,1,-1,-1,-1
183,18,988.81,487.04,108.75,326.47,1,-1,-1,-1
183,20,745.90,560.94,115.23,231.17,1,-1,-1,-1
