1,10,434.97,343.43,211.20,254.65,1,-1,-1,-1
1,9,41.33,291.65,298.75,292.57,1,-1,-1,-1
1,8,731.52,257.74,195.45,329.39,1,-1,-1,-1
1,7,447.37,360.02,444.95,242.43,1,-1,-1,-1
1,6,800.54,356.71,368.53,252.49,1,-1,-1,-1
1,5,151.62,341.12,215.62,250.47,1,-1,-1,-1
1,4,727.93,259.06,293.06,346.06,1,-1,-1,-1
1,3,187.36,347.20,330.02,242.95,1,-1,-1,-1
1,2,188.34,201.74,326.73,387.44,1,-1,-1,-1
1,1,1118.79,297.09,161.21,311.00,1,-1,-1,-1
2,11,935.96,283.72,339.18,323.94,1,-1,-1,-1
2,10,434.97,343.43,211.20,254.65,1,-1,-1,-1
2,9,4.28,276.83,326.48,310.49,1,-1,-1,-1
2,8,613.59,177.99,272.54,422.97,1,-1,-1,-1
2,7,428.80,366.98,353.11,232.80,1,-1,-1,-1
2,6,885.01,320.93,333.21,286.31,1,-1,-1,-1
2,5,151.62,341.12,215.62,250.47,1,-1,-1,-1
2,4,752.12,236.82,274.69,368.21,1,-1,-1,-1
2,3,187.36,347.20,330.02,242.95,1,-1,-1,-1
2,2,297.97,176.96,227.18,413.15,1,-1,-1,-1
2,1,1124.94,282.51,154.76,324.19,1,-1,-1,-1
3,13,552.65,377.47,329.01,220.68,1,-1,-1,-1
3,12,807.86,259.56,110.54,332.20,1,-1,-1,-1
3,11,955.31,274.97,322.42,329.54,1,-1,-1,-1
3,9,5.07,288.06,319.66,298.51,1,-1,-1,-1
3,8,619.36,170.98,267.64,426.78,1,-1,-1,-1
3,7,398.01,377.22,292.18,225.29,1,-1,-1,-1
3,6,884.04,204.04,250.03,396.16,1,-1,-1,-1
3,4,765.67,253.71,249.57,351.61,1,-1,-1,-1
3,2,316.77,175.24,281.75,417.59,1,-1,-1,-1
3,1,1129.86,268.20,149.78,338.62,1,-1,-1,-1
4,9,3.67,310.20,316.71,276.03,1,-1,-1,-1
4,8,698.95,276.65,182.94,321.82,1,-1,-1,-1
4,7,361.46,379.81,323.70,222.11,1,-1,-1,-1
4,6,860.92,198.51,238.88,398.77,1,-1,-1,-1
4,4,804.04,358.95,356.19,246.01,1,-1,-1,-1
4,2,309.85,155.26,343.34,436.37,1,-1,-1,-1
5,11,1061.74,222.30,217.67,383.48,1,-1,-1,-1
5,9,4.03,317.23,322.05,268.91,1,-1,-1,-1
5,8,602.67,255.53,275.73,345.19,1,-1,-1,-1
5,7,388.19,360.53,376.72,245.64,1,-1,-1,-1
5,6,913.40,192.11,178.49,404.39,1,-1,-1,-1
5,4,800.54,346.91,374.88,262.26,1,-1,-1,-1
5,2,301.57,170.58,289.88,415.72,1,-1,-1,-1
6,12,747.33,258.06,177.89,333.72,1,-1,-1,-1
6,11,1075.30,169.54,203.60,438.44,1,-1,-1,-1
6,9,4.77,324.93,329.24,261.11,1,-1,-1,-1
6,8,581.28,246.47,316.27,358.15,1,-1,-1,-1
6,7,372.94,376.50,332.01,219.52,1,-1,-1,-1
6,6,898.89,191.05,188.46,405.72,1,-1,-1,-1
6,4,792.22,352.48,296.02,252.83,1,-1,-1,-1
6,3,8.07,139.07,323.88,441.51,1,-1,-1,-1
6,2,291.57,177.09,265.20,402.21,1,-1,-1,-1
7,12,738.34,233.65,178.34,384.01,1,-1,-1,-1
7,11,1072.29,133.28,207.40,483.13,1,-1,-1,-1
7,9,9.85,326.39,313.17,270.54,1,-1,-1,-1
7,8,526.67,172.72,473.38,434.53,1,-1,-1,-1
7,6,761.36,198.89,320.17,407.38,1,-1,-1,-1
7,4,832.60,368.89,296.12,261.32,1,-1,-1,-1
7,3,11.05,170.06,321.44,403.34,1,-1,-1,-1
7,2,255.35,192.75,227.10,386.32,1,-1,-1,-1
8,11,1081.83,170.57,228.74,376.26,1,-1,-1,-1
8,8,608.25,296.94,374.01,310.75,1,-1,-1,-1
8,6,812.12,204.53,258.07,399.90,1,-1,-1,-1
8,3,3.40,126.03,346.31,451.73,1,-1,-1,-1
8,2,241.55,247.02,286.50,341.47,1,-1,-1,-1
9,8,595.72,240.41,380.82,409.40,1,-1,-1,-1
9,6,770.72,208.26,306.26,397.96,1,-1,-1,-1
9,3,6.91,128.77,310.71,453.25,1,-1,-1,-1
9,2,265.68,249.22,261.63,339.44,1,-1,-1,-1
10,12,570.60,272.90,339.66,332.02,1,-1,-1,-1
10,10,424.71,240.17,358.98,363.43,1,-1,-1,-1
10,6,771.05,252.92,321.22,356.50,1,-1,-1,-1
10,3,-39.91,119.51,352.14,453.84,1,-1,-1,-1
10,2,288.57,253.19,193.64,302.20,1,-1,-1,-1
11,14,127.82,275.72,317.41,313.33,1,-1,-1,-1
11,12,558.66,248.71,308.80,391.65,1,-1,-1,-1
11,11,1138.75,310.18,140.51,296.96,1,-1,-1,-1
11,10,433.92,204.29,368.22,398.49,1,-1,-1,-1
11,6,725.92,255.95,324.86,349.17,1,-1,-1,-1
11,2,269.65,255.49,222.68,315.75,1,-1,-1,-1
12,14,68.56,288.58,389.02,299.85,1,-1,-1,-1
12,11,1089.66,314.40,188.69,293.51,1,-1,-1,-1
12,6,725.37,232.82,310.34,383.76,1,-1,-1,-1
13,14,51.05,290.61,378.39,296.48,1,-1,-1,-1
13,11,1135.61,338.19,137.14,251.99,1,-1,-1,-1
13,7,347.43,387.79,450.50,216.26,1,-1,-1,-1
13,3,48.08,105.17,237.65,424.35,1,-1,-1,-1
14,14,263.58,252.75,195.92,327.63,1,-1,-1,-1
14,7,295.73,389.97,491.51,219.26,1,-1,-1,-1
14,3,23.89,96.01,256.38,397.57,1,-1,-1,-1
15,14,52.27,289.98,333.20,299.65,1,-1,-1,-1
15,7,313.10,382.96,469.34,232.99,1,-1,-1,-1
15,6,752.20,289.58,303.16,318.54,1,-1,-1,-1
15,2,218.97,239.68,278.81,343.82,1,-1,-1,-1
16,14,65.61,286.53,307.29,304.26,1,-1,-1,-1
16,9,0.13,286.27,266.66,299.59,1,-1,-1,-1
16,6,687.46,371.65,354.27,235.48,1,-1,-1,-1
16,2,177.54,241.61,297.49,336.47,1,-1,-1,-1
16,1,924.55,281.40,323.27,328.68,1,-1,-1,-1
17,14,79.68,276.05,279.15,315.30,1,-1,-1,-1
17,9,0.00,285.26,217.06,300.17,1,-1,-1,-1
17,8,703.79,267.53,331.38,340.50,1,-1,-1,-1
17,6,699.38,344.49,329.49,263.82,1,-1,-1,-1
17,5,499.03,297.66,216.05,300.98,1,-1,-1,-1
17,2,196.50,250.19,270.71,326.34,1,-1,-1,-1
17,1,949.77,264.72,276.91,342.10,1,-1,-1,-1
18,14,77.29,266.97,278.28,324.21,1,-1,-1,-1
18,12,627.71,241.88,234.69,363.06,1,-1,-1,-1
18,9,0.00,247.08,294.42,343.73,1,-1,-1,-1
18,8,780.21,222.96,267.39,360.53,1,-1,-1,-1
18,7,378.54,338.00,229.57,254.34,1,-1,-1,-1
18,6,648.24,343.46,282.90,266.47,1,-1,-1,-1
18,5,507.27,283.96,213.45,317.19,1,-1,-1,-1
18,1,980.77,235.12,278.66,374.71,1,-1,-1,-1
19,14,85.27,262.24,256.70,332.45,1,-1,-1,-1
19,12,592.44,248.22,291.84,361.14,1,-1,-1,-1
19,9,0.00,250.35,257.03,339.08,1,-1,-1,-1
19,8,766.62,235.64,311.75,353.22,1,-1,-1,-1
19,7,389.33,333.16,219.38,260.12,1,-1,-1,-1
19,6,636.56,347.24,320.75,268.43,1,-1,-1,-1
19,5,528.18,268.59,200.26,330.77,1,-1,-1,-1
19,4,1113.70,254.84,165.27,359.47,1,-1,-1,-1
19,1,988.36,225.75,237.36,383.69,1,-1,-1,-1
20,14,85.64,262.18,250.12,327.13,1,-1,-1,-1
20,9,0.33,279.45,226.63,296.27,1,-1,-1,-1
20,8,717.19,253.41,290.43,347.41,1,-1,-1,-1
20,7,327.66,300.67,306.44,301.20,1,-1,-1,-1
20,5,461.59,265.32,256.48,334.93,1,-1,-1,-1
20,4,1075.04,314.38,277.48,250.45,1,-1,-1,-1
20,2,261.75,169.60,226.82,424.15,1,-1,-1,-1
20,1,981.32,226.15,263.15,382.33,1,-1,-1,-1
21,14,82.62,262.80,238.75,324.42,1,-1,-1,-1
21,11,1091.51,262.47,186.51,345.13,1,-1,-1,-1
21,9,0.00,267.21,220.65,313.61,1,-1,-1,-1
21,8,840.97,230.59,286.08,369.54,1,-1,-1,-1
21,7,312.88,308.06,302.92,291.16,1,-1,-1,-1
21,5,442.78,267.64,277.32,331.12,1,-1,-1,-1
21,2,240.38,174.67,251.64,415.55,1,-1,-1,-1
21,1,976.96,234.88,270.68,369.74,1,-1,-1,-1
22,14,78.52,273.69,238.52,317.93,1,-1,-1,-1
22,12,503.25,172.73,270.59,425.17,1,-1,-1,-1
22,11,1093.67,293.96,185.02,310.29,1,-1,-1,-1
22,9,0.00,249.56,229.19,325.67,1,-1,-1,-1
22,8,797.72,247.89,405.79,361.04,1,-1,-1,-1
22,7,304.65,314.29,310.20,272.42,1,-1,-1,-1
22,5,543.55,301.56,98.21,290.48,1,-1,-1,-1
22,2,197.96,195.27,308.34,401.00,1,-1,-1,-1
22,1,965.29,227.79,280.52,375.56,1,-1,-1,-1
23,14,64.51,275.50,250.18,308.66,1,-1,-1,-1
23,12,595.72,177.92,175.90,418.46,1,-1,-1,-1
23,11,1070.20,321.67,208.26,282.12,1,-1,-1,-1
23,9,0.00,264.74,235.53,308.52,1,-1,-1,-1
23,8,956.47,269.37,125.81,302.59,1,-1,-1,-1
23,5,530.02,297.34,114.19,294.98,1,-1,-1,-1
23,2,244.81,219.53,259.96,367.52,1,-1,-1,-1
24,12,532.92,215.01,252.06,385.59,1,-1,-1,-1
24,11,1077.10,330.74,201.96,273.67,1,-1,-1,-1
24,9,0.00,290.89,242.85,288.46,1,-1,-1,-1
24,8,918.00,286.69,156.62,301.90,1,-1,-1,-1
24,5,473.81,217.71,311.47,384.73,1,-1,-1,-1
24,2,248.16,253.09,236.00,333.19,1,-1,-1,-1
25,16,1067.13,325.76,211.98,276.53,1,-1,-1,-1
25,12,550.33,246.38,278.25,354.97,1,-1,-1,-1
25,11,1071.18,325.92,208.82,278.93,1,-1,-1,-1
25,9,0.00,208.56,253.10,370.16,1,-1,-1,-1
25,8,909.31,294.83,156.88,298.18,1,-1,-1,-1
25,5,518.88,364.77,333.70,240.60,1,-1,-1,-1
25,2,99.90,258.66,365.40,337.35,1,-1,-1,-1
25,1,914.03,395.11,345.78,211.51,1,-1,-1,-1
26,16,1057.20,316.86,220.99,286.66,1,-1,-1,-1
26,13,688.85,260.65,255.46,321.50,1,-1,-1,-1
26,12,550.47,253.05,159.94,339.87,1,-1,-1,-1
26,11,1069.37,316.70,210.63,288.76,1,-1,-1,-1
26,9,0.04,136.23,279.80,448.00,1,-1,-1,-1
26,8,899.41,294.17,173.01,305.65,1,-1,-1,-1
26,5,469.12,353.31,380.39,250.50,1,-1,-1,-1
26,2,71.79,255.81,364.75,339.49,1,-1,-1,-1
26,1,892.77,293.21,362.75,310.40,1,-1,-1,-1
27,18,711.16,292.08,360.67,311.29,1,-1,-1,-1
27,16,1027.65,315.57,249.62,284.87,1,-1,-1,-1
27,13,693.22,265.65,246.46,324.49,1,-1,-1,-1
27,12,522.12,254.93,180.71,345.32,1,-1,-1,-1
27,11,1067.59,307.59,215.88,315.13,1,-1,-1,-1
27,9,0.00,154.04,271.49,433.62,1,-1,-1,-1
27,8,905.80,291.58,198.68,311.79,1,-1,-1,-1
27,5,473.44,366.91,277.96,233.53,1,-1,-1,-1
27,2,58.92,310.45,378.01,287.46,1,-1,-1,-1
27,1,880.78,305.67,355.89,301.65,1,-1,-1,-1
28,18,678.90,250.85,406.01,362.02,1,-1,-1,-1
28,17,233.46,249.92,249.80,336.93,1,-1,-1,-1
28,16,1029.62,318.97,247.03,279.15,1,-1,-1,-1
28,13,704.65,261.27,240.49,333.21,1,-1,-1,-1
28,12,477.74,281.28,263.55,318.12,1,-1,-1,-1
28,9,2.48,176.03,264.35,379.24,1,-1,-1,-1
28,5,497.95,410.02,213.56,191.95,1,-1,-1,-1
28,2,13.99,357.32,399.01,236.72,1,-1,-1,-1
28,1,871.38,348.48,366.70,255.02,1,-1,-1,-1
29,17,213.54,237.38,220.64,347.07,1,-1,-1,-1
29,16,1097.73,300.97,178.70,292.35,1,-1,-1,-1
29,12,544.77,283.55,145.13,282.24,1,-1,-1,-1
29,5,498.56,373.40,223.23,228.59,1,-1,-1,-1
29,2,34.46,371.13,363.30,221.28,1,-1,-1,-1
29,1,874.60,330.29,350.77,285.01,1,-1,-1,-1
30,17,217.91,244.12,301.97,347.57,1,-1,-1,-1
30,16,1008.57,287.52,269.76,323.44,1,-1,-1,-1
30,12,409.93,230.76,292.15,370.49,1,-1,-1,-1
30,8,835.81,264.27,231.07,335.30,1,-1,-1,-1
30,5,411.21,363.30,286.38,238.49,1,-1,-1,-1
30,2,4.19,359.45,400.66,233.93,1,-1,-1,-1
31,17,211.42,243.21,320.85,351.78,1,-1,-1,-1
31,16,1008.53,284.11,269.98,325.60,1,-1,-1,-1
31,12,518.25,217.91,158.48,375.82,1,-1,-1,-1
31,8,844.22,245.53,257.67,357.18,1,-1,-1,-1
31,5,381.51,363.55,305.31,239.20,1,-1,-1,-1
31,2,5.25,367.06,412.34,225.75,1,-1,-1,-1
32,17,213.30,249.50,291.03,335.22,1,-1,-1,-1
32,16,1011.88,272.36,259.50,330.86,1,-1,-1,-1
32,12,487.62,195.46,192.06,401.42,1,-1,-1,-1
32,9,0.75,134.19,245.68,443.53,1,-1,-1,-1
32,8,814.09,216.75,265.09,386.20,1,-1,-1,-1
32,5,364.12,363.31,311.03,236.62,1,-1,-1,-1
32,2,8.10,376.49,408.06,216.02,1,-1,-1,-1
33,19,160.58,279.00,236.21,293.50,1,-1,-1,-1
33,17,209.99,260.11,269.42,325.30,1,-1,-1,-1
33,16,1019.87,266.17,252.50,333.68,1,-1,-1,-1
33,12,466.62,195.49,234.16,401.06,1,-1,-1,-1
33,9,0.00,157.67,247.12,416.55,1,-1,-1,-1
33,8,793.36,237.06,292.28,362.17,1,-1,-1,-1
33,6,643.75,271.08,210.48,325.07,1,-1,-1,-1
33,5,369.58,357.58,316.28,247.27,1,-1,-1,-1
33,2,7.20,369.69,305.11,222.97,1,-1,-1,-1
34,19,158.12,269.23,263.80,316.98,1,-1,-1,-1
34,17,263.68,261.32,171.78,315.13,1,-1,-1,-1
34,16,1023.92,262.02,247.49,335.97,1,-1,-1,-1
34,13,700.65,267.35,162.86,316.01,1,-1,-1,-1
34,12,446.43,185.57,228.58,405.60,1,-1,-1,-1
34,9,0.95,104.39,248.69,477.83,1,-1,-1,-1
34,8,726.05,215.24,347.68,379.30,1,-1,-1,-1
34,6,585.04,283.23,259.99,316.52,1,-1,-1,-1
34,5,380.45,347.79,280.74,252.58,1,-1,-1,-1
34,2,4.96,335.62,285.43,258.22,1,-1,-1,-1
35,19,179.00,266.50,259.04,325.96,1,-1,-1,-1
35,17,231.31,241.55,258.84,344.15,1,-1,-1,-1
35,16,1015.62,263.52,263.08,334.01,1,-1,-1,-1
35,13,685.21,270.68,179.52,312.97,1,-1,-1,-1
35,12,432.67,191.21,248.95,406.97,1,-1,-1,-1
35,9,1.24,78.68,248.50,501.88,1,-1,-1,-1
35,8,703.76,204.26,326.68,395.29,1,-1,-1,-1
35,6,517.79,278.54,324.17,322.24,1,-1,-1,-1
35,5,340.81,346.73,338.01,256.81,1,-1,-1,-1
35,2,4.07,305.00,311.12,287.74,1,-1,-1,-1
36,19,143.78,267.16,287.10,316.80,1,-1,-1,-1
36,16,1002.10,274.44,266.07,322.98,1,-1,-1,-1
36,12,411.45,196.60,272.03,398.19,1,-1,-1,-1
36,9,0.52,133.67,249.79,443.12,1,-1,-1,-1
36,8,725.35,242.16,298.31,352.19,1,-1,-1,-1
36,6,506.37,308.85,288.89,290.95,1,-1,-1,-1
36,5,304.78,348.88,381.41,255.18,1,-1,-1,-1
36,2,4.33,302.32,328.69,289.18,1,-1,-1,-1
37,19,12.89,261.69,359.53,326.68,1,-1,-1,-1
37,16,991.47,284.43,285.46,309.54,1,-1,-1,-1
37,12,395.47,210.01,289.29,385.79,1,-1,-1,-1
37,9,0.40,244.93,258.98,333.58,1,-1,-1,-1
37,8,736.63,263.59,286.65,331.39,1,-1,-1,-1
37,6,490.97,279.17,297.99,320.77,1,-1,-1,-1
37,5,306.86,351.26,393.44,253.84,1,-1,-1,-1
37,2,4.20,335.89,362.65,253.57,1,-1,-1,-1
38,19,50.76,250.03,314.85,345.26,1,-1,-1,-1
38,16,971.07,311.70,305.74,276.52,1,-1,-1,-1
38,12,398.86,235.44,245.79,355.67,1,-1,-1,-1
38,9,0.19,262.93,262.63,312.81,1,-1,-1,-1
38,8,774.95,278.17,264.09,312.48,1,-1,-1,-1
38,6,537.62,324.39,269.28,270.64,1,-1,-1,-1
38,5,222.90,377.83,443.39,221.05,1,-1,-1,-1
38,2,8.47,332.59,326.03,256.12,1,-1,-1,-1
38,1,907.71,384.12,371.92,211.83,1,-1,-1,-1
39,16,969.97,315.67,304.40,271.02,1,-1,-1,-1
39,12,412.92,146.43,257.56,352.37,1,-1,-1,-1
39,9,-0.20,218.18,260.75,386.09,1,-1,-1,-1
39,8,744.57,282.53,270.21,307.27,1,-1,-1,-1
39,6,524.37,332.14,273.61,265.17,1,-1,-1,-1
39,5,225.61,377.44,425.71,220.82,1,-1,-1,-1
39,2,-4.11,335.21,332.28,253.71,1,-1,-1,-1
39,1,958.54,338.09,320.31,252.18,1,-1,-1,-1
40,16,931.65,312.07,345.15,281.94,1,-1,-1,-1
40,12,395.43,156.43,258.42,381.32,1,-1,-1,-1
40,10,591.47,348.89,209.63,245.62,1,-1,-1,-1
40,8,741.68,268.37,281.10,334.11,1,-1,-1,-1
40,6,508.13,319.40,277.35,283.08,1,-1,-1,-1
40,5,281.04,413.53,483.11,189.52,1,-1,-1,-1
40,1,941.40,342.05,344.89,262.78,1,-1,-1,-1
41,20,752.51,419.14,406.92,183.76,1,-1,-1,-1
41,19,94.64,308.46,185.71,280.10,1,-1,-1,-1
41,16,907.57,308.69,370.31,285.61,1,-1,-1,-1
41,13,720.53,268.94,130.64,317.70,1,-1,-1,-1
41,10,594.72,346.15,213.16,250.05,1,-1,-1,-1
41,5,280.59,393.02,419.32,222.13,1,-1,-1,-1
42,20,763.48,368.86,385.01,237.50,1,-1,-1,-1
42,19,27.13,303.94,249.69,291.65,1,-1,-1,-1
42,16,911.56,317.21,364.69,279.77,1,-1,-1,-1
42,13,716.30,275.43,144.31,303.76,1,-1,-1,-1
42,10,611.30,340.70,186.13,256.13,1,-1,-1,-1
43,20,718.63,390.88,413.25,195.29,1,-1,-1,-1
43,19,25.50,304.70,250.21,292.97,1,-1,-1,-1
43,16,923.97,315.79,351.95,278.41,1,-1,-1,-1
43,10,622.84,346.94,175.22,247.01,1,-1,-1,-1
44,19,20.98,322.28,254.64,277.82,1,-1,-1,-1
44,16,930.16,308.21,332.29,293.81,1,-1,-1,-1
44,10,602.53,347.10,164.90,248.94,1,-1,-1,-1
44,6,483.09,357.05,276.82,248.05,1,-1,-1,-1
44,4,1052.30,336.44,227.70,259.96,1,-1,-1,-1
45,19,13.16,324.02,257.33,275.50,1,-1,-1,-1
45,16,938.81,311.78,176.75,285.20,1,-1,-1,-1
45,15,281.55,301.15,329.46,311.52,1,-1,-1,-1
45,10,598.51,349.71,167.33,253.22,1,-1,-1,-1
45,6,467.21,355.43,228.57,251.08,1,-1,-1,-1
45,4,1061.35,334.74,214.23,263.06,1,-1,-1,-1
46,19,16.29,324.67,256.31,277.23,1,-1,-1,-1
46,16,914.14,313.53,182.21,282.25,1,-1,-1,-1
46,15,263.56,287.49,317.93,319.54,1,-1,-1,-1
46,10,589.25,362.44,158.99,239.74,1,-1,-1,-1
46,8,642.59,289.74,151.47,316.51,1,-1,-1,-1
46,6,417.08,380.37,151.94,213.12,1,-1,-1,-1
46,5,466.08,368.58,286.34,238.62,1,-1,-1,-1
46,4,1080.07,332.98,199.93,263.96,1,-1,-1,-1
47,19,22.96,342.28,259.10,254.79,1,-1,-1,-1
47,16,933.82,311.16,170.57,279.06,1,-1,-1,-1
47,15,226.26,283.57,314.06,322.97,1,-1,-1,-1
47,10,595.88,365.37,162.38,234.95,1,-1,-1,-1
47,8,635.09,288.71,168.55,314.21,1,-1,-1,-1
47,6,413.81,382.89,126.55,210.68,1,-1,-1,-1
47,5,460.17,384.62,314.51,222.33,1,-1,-1,-1
47,4,1075.29,340.31,203.99,251.40,1,-1,-1,-1
48,19,89.20,368.00,188.70,228.54,1,-1,-1,-1
48,16,922.39,309.09,173.25,289.35,1,-1,-1,-1
48,15,225.91,271.82,262.62,329.03,1,-1,-1,-1
48,13,636.03,271.69,303.68,330.92,1,-1,-1,-1
48,10,595.11,370.41,165.85,234.60,1,-1,-1,-1
48,6,385.33,382.79,135.76,218.07,1,-1,-1,-1
48,5,444.78,335.01,231.20,266.30,1,-1,-1,-1
48,1,955.17,337.15,322.97,260.05,1,-1,-1,-1
49,20,434.27,406.08,116.55,189.06,1,-1,-1,-1
49,19,72.42,370.13,229.34,226.10,1,-1,-1,-1
49,16,907.90,310.29,155.02,290.68,1,-1,-1,-1
49,15,230.01,271.40,237.57,331.85,1,-1,-1,-1
49,13,604.98,271.95,248.21,333.56,1,-1,-1,-1
49,6,378.97,385.17,132.79,217.12,1,-1,-1,-1
49,5,440.23,357.34,290.47,238.43,1,-1,-1,-1
49,2,30.07,312.34,136.45,279.62,1,-1,-1,-1
49,1,959.97,338.13,318.06,262.15,1,-1,-1,-1
50,20,367.52,432.73,129.27,129.60,1,-1,-1,-1
50,19,59.75,363.44,229.48,245.30,1,-1,-1,-1
50,16,870.98,312.16,215.48,292.17,1,-1,-1,-1
50,15,214.79,287.68,214.46,317.06,1,-1,-1,-1
50,13,714.61,275.10,149.46,307.09,1,-1,-1,-1
50,8,586.86,280.29,212.24,328.21,1,-1,-1,-1
50,6,374.55,389.92,128.42,212.04,1,-1,-1,-1
50,2,36.75,321.11,127.55,271.71,1,-1,-1,-1
50,1,985.74,366.90,288.01,231.90,1,-1,-1,-1
51,16,877.95,317.45,223.95,287.89,1,-1,-1,-1
51,15,187.91,297.76,203.47,305.30,1,-1,-1,-1
51,14,99.95,379.58,124.93,213.03,1,-1,-1,-1
51,13,660.63,271.09,223.20,322.98,1,-1,-1,-1
51,8,585.92,281.67,205.66,325.04,1,-1,-1,-1
51,6,372.91,396.02,126.21,205.45,1,-1,-1,-1
51,4,1106.01,332.87,165.10,262.88,1,-1,-1,-1
51,2,10.69,324.85,147.84,273.72,1,-1,-1,-1
51,1,1009.55,374.04,147.10,224.52,1,-1,-1,-1
52,16,867.67,316.16,211.98,289.33,1,-1,-1,-1
52,15,167.10,298.37,194.90,307.57,1,-1,-1,-1
52,14,106.79,381.52,118.32,217.34,1,-1,-1,-1
52,8,546.56,270.45,224.73,341.61,1,-1,-1,-1
52,6,358.00,399.23,135.08,203.50,1,-1,-1,-1
52,4,1061.78,326.51,216.48,272.92,1,-1,-1,-1
52,2,11.19,331.25,156.73,266.99,1,-1,-1,-1
52,1,971.81,375.57,186.64,226.16,1,-1,-1,-1
53,15,156.21,304.86,196.60,300.23,1,-1,-1,-1
53,14,108.42,383.10,114.71,215.64,1,-1,-1,-1
53,8,534.27,262.92,217.34,349.07,1,-1,-1,-1
53,6,375.19,398.29,114.51,204.78,1,-1,-1,-1
53,4,1079.17,325.96,190.33,274.97,1,-1,-1,-1
53,2,10.45,333.20,158.35,264.82,1,-1,-1,-1
53,1,983.74,374.30,172.53,230.34,1,-1,-1,-1
54,15,174.96,323.25,178.15,274.80,1,-1,-1,-1
54,14,117.77,387.56,121.98,210.67,1,-1,-1,-1
54,10,649.45,380.61,153.98,223.67,1,-1,-1,-1
54,8,519.87,254.02,207.15,354.03,1,-1,-1,-1
54,6,371.91,396.98,122.34,207.46,1,-1,-1,-1
54,4,1092.55,327.56,183.82,273.05,1,-1,-1,-1
54,2,9.79,331.14,160.42,266.16,1,-1,-1,-1
54,1,935.27,368.23,223.15,236.63,1,-1,-1,-1
55,21,942.98,409.79,159.48,190.72,1,-1,-1,-1
55,16,807.16,280.68,195.15,330.06,1,-1,-1,-1
55,15,134.38,321.24,228.40,278.83,1,-1,-1,-1
55,14,121.37,399.54,110.42,191.52,1,-1,-1,-1
55,10,628.05,370.16,181.96,236.28,1,-1,-1,-1
55,8,499.81,252.15,218.63,359.67,1,-1,-1,-1
55,6,351.86,407.87,120.05,190.97,1,-1,-1,-1
55,5,375.42,393.84,229.18,216.35,1,-1,-1,-1
55,4,1097.21,324.85,173.20,276.59,1,-1,-1,-1
55,2,7.45,326.47,140.67,270.08,1,-1,-1,-1
55,1,937.95,370.50,223.48,239.18,1,-1,-1,-1
56,21,902.71,416.80,119.29,183.51,1,-1,-1,-1
56,16,786.30,270.47,194.77,338.67,1,-1,-1,-1
56,15,122.37,311.89,218.77,300.35,1,-1,-1,-1
56,10,633.40,369.06,187.62,239.09,1,-1,-1,-1
56,8,468.91,248.35,212.68,360.65,1,-1,-1,-1
56,5,361.19,397.68,202.84,214.29,1,-1,-1,-1
56,4,1100.61,317.68,157.15,285.87,1,-1,-1,-1
56,2,5.71,324.72,131.95,275.83,1,-1,-1,-1
57,24,1059.65,367.29,106.39,231.11,1,-1,-1,-1
57,21,917.16,414.96,115.70,187.79,1,-1,-1,-1
57,16,773.71,269.94,191.16,337.08,1,-1,-1,-1
57,10,621.07,373.37,209.16,231.85,1,-1,-1,-1
57,8,464.73,248.75,279.42,364.68,1,-1,-1,-1
57,5,358.97,396.21,212.60,218.49,1,-1,-1,-1
57,4,1089.84,312.26,161.04,291.91,1,-1,-1,-1
57,2,6.20,326.43,136.76,273.86,1,-1,-1,-1
58,24,1069.50,297.73,147.54,303.41,1,-1,-1,-1
58,21,944.09,412.78,92.22,188.62,1,-1,-1,-1
58,16,745.67,267.07,221.92,339.53,1,-1,-1,-1
58,10,643.54,380.02,173.20,223.88,1,-1,-1,-1
58,8,396.94,253.75,289.35,360.27,1,-1,-1,-1
58,4,1088.27,337.04,161.59,266.66,1,-1,-1,-1
58,2,5.43,330.83,138.45,268.58,1,-1,-1,-1
58,1,1002.98,396.15,122.62,202.28,1,-1,-1,-1
59,24,1084.68,293.93,115.35,304.17,1,-1,-1,-1
59,21,957.06,414.20,89.73,187.51,1,-1,-1,-1
59,16,743.55,266.42,224.12,345.42,1,-1,-1,-1
59,15,122.76,297.84,140.96,308.78,1,-1,-1,-1
59,8,396.50,254.76,254.29,357.56,1,-1,-1,-1
59,4,1084.29,361.96,162.09,241.41,1,-1,-1,-1
59,2,10.45,327.24,136.05,272.79,1,-1,-1,-1
59,1,1031.40,391.77,108.30,211.77,1,-1,-1,-1
60,24,1075.78,287.43,126.18,316.56,1,-1,-1,-1
60,21,971.00,410.90,94.89,197.19,1,-1,-1,-1
60,17,219.53,272.60,270.50,334.28,1,-1,-1,-1
60,16,724.56,264.39,231.28,348.53,1,-1,-1,-1
60,15,113.59,302.22,154.56,306.28,1,-1,-1,-1
60,8,403.88,254.16,353.67,364.05,1,-1,-1,-1
60,4,1074.52,287.00,156.39,317.05,1,-1,-1,-1
60,2,10.93,329.63,133.18,273.26,1,-1,-1,-1
60,1,1038.41,394.66,102.47,210.27,1,-1,-1,-1
61,24,1050.60,284.59,188.89,320.49,1,-1,-1,-1
61,21,976.13,412.59,95.95,195.59,1,-1,-1,-1
61,17,208.56,271.30,270.84,336.92,1,-1,-1,-1
61,16,727.64,266.32,199.46,345.28,1,-1,-1,-1
61,15,103.20,306.73,166.50,302.74,1,-1,-1,-1
61,10,629.70,354.36,154.42,256.03,1,-1,-1,-1
61,8,404.96,257.16,274.16,357.14,1,-1,-1,-1
61,4,1077.86,337.58,160.36,267.16,1,-1,-1,-1
61,2,13.88,332.89,137.98,267.65,1,-1,-1,-1
61,1,1019.15,398.57,130.86,206.55,1,-1,-1,-1
62,24,1045.91,283.95,185.08,325.35,1,-1,-1,-1
62,21,976.01,410.75,100.13,196.97,1,-1,-1,-1
62,17,179.32,272.45,312.70,336.22,1,-1,-1,-1
62,16,726.83,265.99,180.73,344.83,1,-1,-1,-1
62,15,96.30,307.61,176.98,299.01,1,-1,-1,-1
62,10,622.82,339.64,164.39,269.93,1,-1,-1,-1
62,8,390.21,255.70,291.42,356.86,1,-1,-1,-1
62,4,1076.23,354.40,153.77,252.83,1,-1,-1,-1
62,2,23.70,334.48,159.43,266.85,1,-1,-1,-1
63,24,1045.86,283.73,186.88,325.41,1,-1,-1,-1
63,21,979.90,434.44,84.75,155.77,1,-1,-1,-1
63,17,210.77,272.23,257.42,335.83,1,-1,-1,-1
63,16,722.18,265.65,172.49,344.56,1,-1,-1,-1
63,15,95.16,306.85,181.90,299.46,1,-1,-1,-1
63,13,584.79,347.12,146.60,258.64,1,-1,-1,-1
63,10,622.92,358.65,158.98,250.74,1,-1,-1,-1
63,8,319.20,255.99,315.50,356.34,1,-1,-1,-1
63,4,1074.84,347.43,155.22,258.86,1,-1,-1,-1
63,2,20.06,334.75,151.33,267.05,1,-1,-1,-1
64,24,1006.15,281.55,209.34,329.27,1,-1,-1,-1
64,16,702.03,263.17,172.30,344.43,1,-1,-1,-1
64,15,83.12,306.40,173.23,302.59,1,-1,-1,-1
64,13,485.08,332.11,201.66,276.90,1,-1,-1,-1
64,10,585.46,338.18,198.31,270.80,1,-1,-1,-1
64,8,336.48,264.98,264.21,363.15,1,-1,-1,-1
64,2,23.16,331.44,146.07,270.99,1,-1,-1,-1
65,24,984.21,280.28,232.71,330.51,1,-1,-1,-1
65,16,700.58,263.28,178.97,344.70,1,-1,-1,-1
65,13,477.53,331.08,213.84,274.79,1,-1,-1,-1
65,10,590.33,336.24,194.00,269.56,1,-1,-1,-1
65,9,35.93,305.82,247.13,298.53,1,-1,-1,-1
65,8,286.05,262.93,314.52,367.06,1,-1,-1,-1
65,2,22.40,329.18,155.22,272.23,1,-1,-1,-1
66,24,993.62,274.39,226.44,337.67,1,-1,-1,-1
66,19,28.03,327.93,185.61,270.77,1,-1,-1,-1
66,16,674.64,261.94,233.62,346.05,1,-1,-1,-1
66,13,482.43,332.84,200.59,274.28,1,-1,-1,-1
66,10,600.23,349.73,180.70,260.13,1,-1,-1,-1
66,9,31.25,308.87,243.61,295.65,1,-1,-1,-1
66,8,275.63,262.60,303.00,364.72,1,-1,-1,-1
66,2,25.47,332.80,134.70,257.87,1,-1,-1,-1
67,24,997.54,271.90,219.84,339.58,1,-1,-1,-1
67,19,28.48,326.14,178.68,272.30,1,-1,-1,-1
67,16,679.86,264.12,215.43,344.30,1,-1,-1,-1
67,13,422.93,379.79,149.33,227.30,1,-1,-1,-1
67,10,595.73,362.73,170.05,248.32,1,-1,-1,-1
67,9,32.61,309.10,245.51,304.12,1,-1,-1,-1
67,8,309.83,263.31,251.77,353.12,1,-1,-1,-1
67,4,999.32,272.17,147.10,338.04,1,-1,-1,-1
67,2,27.01,329.96,137.75,267.49,1,-1,-1,-1
68,24,993.35,255.05,228.07,364.80,1,-1,-1,-1
68,19,24.11,331.67,181.59,261.98,1,-1,-1,-1
68,16,670.67,261.43,205.04,346.86,1,-1,-1,-1
68,13,427.47,376.88,147.32,235.00,1,-1,-1,-1
68,10,583.77,352.65,160.37,259.50,1,-1,-1,-1
68,8,300.39,262.79,195.76,347.60,1,-1,-1,-1
68,4,995.76,271.99,150.77,341.40,1,-1,-1,-1
68,2,25.74,330.82,131.53,266.10,1,-1,-1,-1
69,25,1046.83,325.00,169.40,284.33,1,-1,-1,-1
69,13,426.58,373.55,148.09,243.44,1,-1,-1,-1
69,10,572.05,344.48,169.41,267.96,1,-1,-1,-1
69,8,291.46,265.25,196.11,350.43,1,-1,-1,-1
69,4,985.45,271.22,140.03,336.88,1,-1,-1,-1
69,2,26.20,339.28,130.98,249.94,1,-1,-1,-1
70,25,1052.84,324.21,163.26,288.20,1,-1,-1,-1
70,13,425.79,368.59,142.74,240.76,1,-1,-1,-1
70,10,558.92,348.71,174.20,263.18,1,-1,-1,-1
70,8,252.86,262.75,241.46,354.68,1,-1,-1,-1
70,4,976.84,272.40,117.71,337.56,1,-1,-1,-1
71,25,1065.89,322.72,134.77,289.37,1,-1,-1,-1
71,24,969.81,272.09,163.96,339.22,1,-1,-1,-1
71,13,422.89,368.66,139.02,237.05,1,-1,-1,-1
71,10,547.28,350.16,144.91,261.31,1,-1,-1,-1
71,4,962.46,281.45,140.37,314.05,1,-1,-1,-1
72,25,1059.30,322.56,162.47,289.16,1,-1,-1,-1
72,24,955.03,270.19,173.61,338.84,1,-1,-1,-1
72,15,39.93,323.33,171.87,280.19,1,-1,-1,-1
72,13,428.91,371.15,146.10,237.45,1,-1,-1,-1
72,10,527.71,353.01,170.89,257.36,1,-1,-1,-1
73,26,706.56,270.96,264.61,339.12,1,-1,-1,-1
73,25,1056.05,320.92,163.60,289.02,1,-1,-1,-1
73,24,946.88,269.73,181.32,338.13,1,-1,-1,-1
73,18,618.90,264.49,134.86,338.01,1,-1,-1,-1
73,15,42.22,326.35,166.30,274.09,1,-1,-1,-1
73,13,424.29,372.41,173.11,235.12,1,-1,-1,-1
73,10,526.34,350.08,164.44,261.71,1,-1,-1,-1
73,8,212.25,268.00,248.26,342.57,1,-1,-1,-1
74,26,699.09,272.55,258.54,338.41,1,-1,-1,-1
74,25,1042.00,316.83,179.61,305.96,1,-1,-1,-1
74,24,910.23,267.35,217.94,359.82,1,-1,-1,-1
74,18,613.18,273.60,133.64,318.40,1,-1,-1,-1
74,16,618.70,269.78,193.72,344.25,1,-1,-1,-1
74,15,35.91,328.36,163.36,272.15,1,-1,-1,-1
74,13,414.37,375.72,152.28,232.64,1,-1,-1,-1
74,10,456.21,337.90,236.82,272.23,1,-1,-1,-1
74,8,203.85,288.55,248.90,317.13,1,-1,-1,-1
75,26,705.69,273.54,247.22,336.71,1,-1,-1,-1
75,25,1046.80,316.24,175.02,296.76,1,-1,-1,-1
75,24,888.81,267.43,218.48,344.57,1,-1,-1,-1
75,16,619.91,281.69,178.15,329.81,1,-1,-1,-1
75,15,34.34,329.40,161.67,272.19,1,-1,-1,-1
75,10,444.19,342.79,260.23,263.81,1,-1,-1,-1
75,8,190.47,276.41,239.63,337.01,1,-1,-1,-1
76,26,700.95,274.52,238.54,329.83,1,-1,-1,-1
76,25,1044.39,316.99,182.96,293.49,1,-1,-1,-1
76,24,888.20,267.60,226.10,342.88,1,-1,-1,-1
76,16,596.99,264.95,207.41,344.59,1,-1,-1,-1
76,15,33.47,329.16,157.21,273.30,1,-1,-1,-1
76,10,462.35,345.67,219.83,264.09,1,-1,-1,-1
76,5,391.31,377.67,167.50,228.75,1,-1,-1,-1
77,26,707.06,274.43,231.55,324.73,1,-1,-1,-1
77,25,1044.31,316.33,180.63,292.27,1,-1,-1,-1
77,24,865.60,265.98,238.02,347.34,1,-1,-1,-1
77,16,591.17,268.12,198.29,343.34,1,-1,-1,-1
77,15,37.18,329.91,151.40,271.18,1,-1,-1,-1
77,10,459.86,346.42,206.21,260.28,1,-1,-1,-1
77,5,384.82,377.64,174.48,227.20,1,-1,-1,-1
78,26,713.65,274.70,203.84,319.37,1,-1,-1,-1
78,25,1045.85,310.76,180.82,305.32,1,-1,-1,-1
78,24,866.73,263.34,214.31,353.96,1,-1,-1,-1
78,15,28.38,331.45,164.84,272.50,1,-1,-1,-1
78,13,392.76,380.33,162.78,226.73,1,-1,-1,-1
78,8,208.14,271.24,292.94,334.34,1,-1,-1,-1
79,26,685.27,272.17,230.12,327.49,1,-1,-1,-1
79,24,864.10,262.14,216.76,353.25,1,-1,-1,-1
79,23,529.66,265.21,252.74,346.96,1,-1,-1,-1
79,15,26.56,329.52,163.11,275.18,1,-1,-1,-1
79,13,396.22,381.74,150.41,225.99,1,-1,-1,-1
79,8,163.37,272.48,299.58,333.60,1,-1,-1,-1
80,24,863.40,263.28,204.48,348.19,1,-1,-1,-1
80,23,466.66,261.42,310.22,350.64,1,-1,-1,-1
80,22,718.54,277.01,116.86,292.75,1,-1,-1,-1
80,15,25.33,333.91,173.84,267.80,1,-1,-1,-1
80,13,384.20,384.00,157.53,224.02,1,-1,-1,-1
80,8,177.75,269.75,288.33,337.78,1,-1,-1,-1
81,25,1033.34,314.39,183.63,299.00,1,-1,-1,-1
81,24,871.61,263.67,204.39,348.79,1,-1,-1,-1
81,23,508.35,261.00,264.54,354.53,1,-1,-1,-1
81,22,718.02,277.07,119.32,293.69,1,-1,-1,-1
81,15,26.24,332.59,224.53,268.98,1,-1,-1,-1
81,8,173.35,273.53,183.26,334.21,1,-1,-1,-1
82,25,1029.69,312.33,193.42,295.97,1,-1,-1,-1
82,24,842.20,266.41,226.11,344.05,1,-1,-1,-1
82,23,501.19,259.43,257.80,353.19,1,-1,-1,-1
82,22,722.52,276.89,115.40,278.97,1,-1,-1,-1
82,16,665.02,341.83,120.09,267.70,1,-1,-1,-1
82,15,33.08,332.00,181.93,272.10,1,-1,-1,-1
82,8,154.27,276.49,213.42,333.40,1,-1,-1,-1
83,25,1049.58,311.17,173.21,303.72,1,-1,-1,-1
83,24,841.09,264.80,227.03,347.35,1,-1,-1,-1
83,23,506.38,257.85,245.52,358.07,1,-1,-1,-1
83,22,715.39,276.83,125.64,280.73,1,-1,-1,-1
83,16,666.02,342.33,117.59,267.30,1,-1,-1,-1
83,8,151.00,273.79,227.73,335.41,1,-1,-1,-1
84,25,1039.68,309.07,186.86,306.73,1,-1,-1,-1
84,24,836.73,265.14,219.27,350.83,1,-1,-1,-1
84,23,482.83,260.09,276.84,349.58,1,-1,-1,-1
84,22,718.89,277.98,136.64,293.54,1,-1,-1,-1
84,19,20.51,335.80,147.79,270.08,1,-1,-1,-1
84,16,656.30,339.28,126.11,266.94,1,-1,-1,-1
84,8,123.15,269.08,334.61,339.33,1,-1,-1,-1
85,28,1022.12,310.40,198.01,301.99,1,-1,-1,-1
85,24,808.43,264.18,232.62,353.65,1,-1,-1,-1
85,23,529.28,258.75,228.81,354.98,1,-1,-1,-1
85,22,721.02,276.68,121.57,265.58,1,-1,-1,-1
85,19,17.73,336.23,151.31,268.68,1,-1,-1,-1
85,16,654.93,334.58,130.81,274.86,1,-1,-1,-1
85,8,128.31,268.49,339.52,342.40,1,-1,-1,-1
86,28,1027.08,309.82,188.89,302.15,1,-1,-1,-1
86,24,835.99,262.27,196.91,355.78,1,-1,-1,-1
86,23,495.63,253.95,260.89,363.04,1,-1,-1,-1
86,22,713.08,275.61,124.89,263.48,1,-1,-1,-1
86,19,14.54,339.14,161.92,264.74,1,-1,-1,-1
86,16,645.40,336.27,141.13,275.28,1,-1,-1,-1
86,8,148.74,273.61,303.51,333.00,1,-1,-1,-1
87,28,1051.04,309.56,166.36,312.52,1,-1,-1,-1
87,24,821.78,261.27,207.41,355.98,1,-1,-1,-1
87,22,709.62,276.03,125.25,275.95,1,-1,-1,-1
87,19,11.88,336.40,154.52,267.87,1,-1,-1,-1
87,16,636.53,337.09,153.77,269.41,1,-1,-1,-1
87,8,120.36,280.06,231.66,331.11,1,-1,-1,-1
87,4,726.90,263.53,243.04,331.67,1,-1,-1,-1
88,28,1047.57,305.47,170.00,318.68,1,-1,-1,-1
88,24,728.23,262.56,306.15,345.27,1,-1,-1,-1
88,22,708.27,265.49,131.12,290.71,1,-1,-1,-1
88,19,7.42,339.02,155.25,266.66,1,-1,-1,-1
88,16,641.33,336.80,152.66,270.14,1,-1,-1,-1
88,8,118.36,277.89,323.16,330.60,1,-1,-1,-1
88,4,738.99,272.08,212.89,320.72,1,-1,-1,-1
89,28,1054.44,304.43,166.17,314.34,1,-1,-1,-1
89,24,777.98,259.04,253.48,353.46,1,-1,-1,-1
89,19,5.46,339.85,151.37,264.74,1,-1,-1,-1
89,16,641.72,339.03,141.59,269.94,1,-1,-1,-1
89,8,117.32,276.60,287.73,334.28,1,-1,-1,-1
90,28,1055.56,305.74,162.40,314.96,1,-1,-1,-1
90,26,638.92,276.11,185.81,327.21,1,-1,-1,-1
90,24,802.69,256.58,227.65,356.21,1,-1,-1,-1
90,23,426.32,264.15,260.55,352.60,1,-1,-1,-1
90,19,4.34,341.53,151.18,261.57,1,-1,-1,-1
90,9,89.20,280.82,246.89,327.15,1,-1,-1,-1
91,28,1049.72,305.31,165.50,311.51,1,-1,-1,-1
91,26,623.45,281.93,190.63,316.42,1,-1,-1,-1
91,24,814.80,255.10,210.36,356.79,1,-1,-1,-1
91,23,423.91,264.09,263.06,355.07,1,-1,-1,-1
91,19,3.91,341.65,149.03,261.92,1,-1,-1,-1
91,9,103.75,280.39,232.12,326.50,1,-1,-1,-1
92,28,1051.53,305.68,171.17,308.04,1,-1,-1,-1
92,25,897.51,296.98,321.35,317.66,1,-1,-1,-1
92,24,797.89,256.47,219.88,359.10,1,-1,-1,-1
92,23,425.93,265.23,258.41,361.70,1,-1,-1,-1
92,19,1.42,341.12,150.03,263.11,1,-1,-1,-1
92,9,94.32,281.62,207.29,326.31,1,-1,-1,-1
93,28,1051.58,305.09,174.89,322.87,1,-1,-1,-1
93,25,877.29,297.65,352.64,323.18,1,-1,-1,-1
93,24,792.97,255.68,229.14,359.48,1,-1,-1,-1
93,23,410.01,262.67,267.09,364.54,1,-1,-1,-1
93,19,0.31,341.12,150.95,262.29,1,-1,-1,-1
93,16,622.24,354.93,159.51,258.66,1,-1,-1,-1
93,9,90.25,280.38,218.31,328.18,1,-1,-1,-1
93,4,684.77,274.04,248.71,325.00,1,-1,-1,-1
94,28,1053.30,303.12,177.59,311.26,1,-1,-1,-1
94,25,903.99,297.37,327.71,318.36,1,-1,-1,-1
94,24,783.48,251.12,235.15,366.91,1,-1,-1,-1
94,19,0.29,342.60,148.23,260.81,1,-1,-1,-1
94,16,616.51,351.14,167.99,256.90,1,-1,-1,-1
94,9,100.03,280.93,181.07,325.25,1,-1,-1,-1
94,8,254.35,265.08,295.90,336.73,1,-1,-1,-1
94,4,672.37,274.48,258.90,327.41,1,-1,-1,-1
95,28,1053.94,302.75,178.01,311.08,1,-1,-1,-1
95,25,974.76,300.77,262.82,313.13,1,-1,-1,-1
95,19,0.19,341.36,153.26,262.21,1,-1,-1,-1
95,16,598.85,357.08,186.18,251.93,1,-1,-1,-1
95,9,63.94,282.31,215.59,324.11,1,-1,-1,-1
95,8,255.64,264.37,305.72,335.90,1,-1,-1,-1
95,4,667.95,273.10,276.97,330.89,1,-1,-1,-1
96,28,1051.73,304.96,176.51,307.60,1,-1,-1,-1
96,25,944.71,300.00,289.92,313.48,1,-1,-1,-1
96,23,422.05,259.85,284.89,353.71,1,-1,-1,-1
96,19,0.74,341.92,166.03,259.59,1,-1,-1,-1
96,16,596.99,355.00,185.83,254.50,1,-1,-1,-1
96,9,59.87,282.26,232.14,323.18,1,-1,-1,-1
96,8,247.36,264.97,299.27,333.87,1,-1,-1,-1
96,4,681.06,270.78,256.92,328.69,1,-1,-1,-1
97,28,1049.61,303.73,178.48,310.25,1,-1,-1,-1
97,25,960.38,300.17,270.98,314.27,1,-1,-1,-1
97,24,791.16,253.92,236.37,361.76,1,-1,-1,-1
97,23,415.34,259.94,273.26,353.06,1,-1,-1,-1
97,19,1.76,345.05,167.03,256.60,1,-1,-1,-1
97,16,597.61,355.30,191.72,254.48,1,-1,-1,-1
97,9,55.07,284.19,253.58,322.99,1,-1,-1,-1
97,8,263.91,264.44,286.51,333.87,1,-1,-1,-1
97,4,669.88,271.32,253.25,328.95,1,-1,-1,-1
98,28,991.66,299.57,235.26,318.58,1,-1,-1,-1
98,25,944.25,293.64,297.02,326.32,1,-1,-1,-1
98,24,722.95,255.10,292.23,363.00,1,-1,-1,-1
98,23,415.05,264.41,220.43,351.13,1,-1,-1,-1
98,19,0.52,342.01,164.99,259.87,1,-1,-1,-1
98,16,572.75,339.60,212.26,269.03,1,-1,-1,-1
98,9,49.56,284.92,256.21,323.30,1,-1,-1,-1
99,28,1021.41,300.08,194.09,316.64,1,-1,-1,-1
99,24,719.79,254.42,290.01,363.08,1,-1,-1,-1
99,23,416.65,266.06,222.86,346.62,1,-1,-1,-1
99,19,0.25,348.90,168.44,251.82,1,-1,-1,-1
99,16,584.35,351.99,202.38,257.22,1,-1,-1,-1
99,15,105.69,274.51,354.52,328.54,1,-1,-1,-1
99,9,17.76,286.52,278.83,319.72,1,-1,-1,-1
100,24,711.54,254.86,292.46,365.00,1,-1,-1,-1
100,23,424.26,261.87,210.84,352.47,1,-1,-1,-1
100,19,1.16,343.96,159.60,258.61,1,-1,-1,-1
100,16,618.56,375.69,176.44,233.69,1,-1,-1,-1
100,15,128.34,270.95,338.50,333.13,1,-1,-1,-1
100,9,46.86,286.02,241.78,318.65,1,-1,-1,-1
101,26,610.40,339.58,190.80,267.18,1,-1,-1,-1
101,25,931.63,294.37,296.76,318.75,1,-1,-1,-1
101,24,707.44,254.06,292.21,355.41,1,-1,-1,-1
101,23,421.80,261.69,213.57,349.30,1,-1,-1,-1
101,19,0.12,342.83,145.48,258.75,1,-1,-1,-1
101,16,614.57,360.24,184.38,248.55,1,-1,-1,-1
101,9,68.78,285.30,242.39,317.30,1,-1,-1,-1
102,26,586.94,344.95,210.45,259.45,1,-1,-1,-1
102,25,927.38,290.21,294.32,320.23,1,-1,-1,-1
102,24,735.16,249.72,278.56,358.71,1,-1,-1,-1
102,23,417.65,257.65,228.34,355.45,1,-1,-1,-1
102,19,0.00,348.84,168.44,253.23,1,-1,-1,-1
102,16,610.27,388.71,185.73,219.32,1,-1,-1,-1
102,9,17.12,284.97,307.25,317.65,1,-1,-1,-1
102,8,264.99,264.07,259.56,340.86,1,-1,-1,-1
103,26,575.37,352.63,166.09,255.24,1,-1,-1,-1
103,25,969.18,291.96,259.24,325.43,1,-1,-1,-1
103,24,757.72,246.53,262.72,362.53,1,-1,-1,-1
103,23,423.31,256.17,207.95,359.39,1,-1,-1,-1
103,19,0.02,348.05,175.89,253.06,1,-1,-1,-1
103,16,577.86,353.16,224.48,254.17,1,-1,-1,-1
103,9,28.81,284.89,290.42,315.62,1,-1,-1,-1
103,8,268.06,265.65,255.42,337.61,1,-1,-1,-1
104,26,543.64,350.79,190.92,262.52,1,-1,-1,-1
104,25,986.46,291.98,248.57,315.98,1,-1,-1,-1
104,24,731.37,244.74,289.90,363.40,1,-1,-1,-1
104,23,421.45,250.89,229.11,368.14,1,-1,-1,-1
104,19,4.81,349.86,160.96,250.15,1,-1,-1,-1
104,16,595.15,364.16,195.53,244.83,1,-1,-1,-1
104,9,0.93,285.46,309.72,315.53,1,-1,-1,-1
104,8,247.28,261.73,270.36,340.96,1,-1,-1,-1
105,26,550.60,356.28,181.27,253.72,1,-1,-1,-1
105,25,991.49,292.07,241.57,311.72,1,-1,-1,-1
105,24,756.30,245.58,281.23,362.06,1,-1,-1,-1
105,23,424.77,249.60,229.88,363.75,1,-1,-1,-1
105,9,0.61,286.09,306.01,314.11,1,-1,-1,-1
105,8,247.71,256.64,270.47,343.86,1,-1,-1,-1
106,25,994.90,291.40,237.36,315.24,1,-1,-1,-1
106,24,744.21,240.24,286.47,370.85,1,-1,-1,-1
106,23,418.84,241.78,215.82,384.94,1,-1,-1,-1
106,9,9.26,287.11,314.25,310.89,1,-1,-1,-1
106,8,234.93,248.55,276.67,345.23,1,-1,-1,-1
107,25,987.63,289.75,247.86,319.02,1,-1,-1,-1
107,23,415.22,243.49,215.90,369.57,1,-1,-1,-1
107,9,13.23,286.53,324.59,314.26,1,-1,-1,-1
107,8,241.00,254.08,263.31,340.19,1,-1,-1,-1
107,4,684.92,242.77,259.31,365.62,1,-1,-1,-1
108,25,979.46,286.52,267.09,319.01,1,-1,-1,-1
108,23,407.68,243.32,225.08,371.87,1,-1,-1,-1
108,9,1.57,286.06,329.96,314.84,1,-1,-1,-1
108,8,239.58,252.67,273.70,346.39,1,-1,-1,-1
108,4,667.68,239.60,368.52,365.78,1,-1,-1,-1
109,25,979.49,284.43,275.76,320.35,1,-1,-1,-1
109,9,0.97,284.86,312.43,312.35,1,-1,-1,-1
109,8,256.87,257.90,255.08,340.93,1,-1,-1,-1
109,4,653.85,239.24,375.70,368.33,1,-1,-1,-1
110,26,482.02,340.73,361.00,267.75,1,-1,-1,-1
110,25,970.05,283.22,298.47,320.86,1,-1,-1,-1
110,16,618.37,364.68,214.48,238.09,1,-1,-1,-1
110,9,1.47,284.91,276.12,313.09,1,-1,-1,-1
110,8,254.86,262.69,259.33,334.52,1,-1,-1,-1
110,4,673.12,241.59,280.81,365.17,1,-1,-1,-1
111,26,492.06,345.89,350.29,261.39,1,-1,-1,-1
111,25,975.28,282.43,283.45,320.63,1,-1,-1,-1
111,23,364.06,235.74,284.48,371.15,1,-1,-1,-1
111,16,622.15,348.96,217.13,254.32,1,-1,-1,-1
111,9,0.60,286.95,262.48,311.48,1,-1,-1,-1
111,8,252.85,258.56,263.46,339.59,1,-1,-1,-1
111,4,687.76,241.77,278.90,362.79,1,-1,-1,-1
112,26,486.36,344.79,276.58,259.32,1,-1,-1,-1
112,25,984.59,281.60,241.04,321.45,1,-1,-1,-1
112,23,332.64,257.72,231.33,347.97,1,-1,-1,-1
112,16,654.20,331.96,136.47,271.99,1,-1,-1,-1
112,9,0.00,287.26,239.63,311.39,1,-1,-1,-1
112,4,707.88,239.67,250.88,368.93,1,-1,-1,-1
113,27,507.84,339.47,178.68,270.69,1,-1,-1,-1
113,26,481.90,344.04,303.09,263.19,1,-1,-1,-1
113,25,1001.11,283.71,223.54,318.13,1,-1,-1,-1
113,23,299.10,261.83,259.91,347.19,1,-1,-1,-1
113,16,650.96,334.11,130.43,272.30,1,-1,-1,-1
113,9,0.08,289.06,223.50,310.73,1,-1,-1,-1
113,4,687.17,240.00,287.47,366.00,1,-1,-1,-1
114,27,494.26,342.88,206.47,270.95,1,-1,-1,-1
114,25,995.47,284.48,225.09,317.15,1,-1,-1,-1
114,23,299.54,277.84,256.85,333.06,1,-1,-1,-1
114,16,625.63,348.00,160.20,258.96,1,-1,-1,-1
114,9,2.67,297.56,206.81,302.79,1,-1,-1,-1
115,27,492.24,340.73,230.65,276.75,1,-1,-1,-1
115,25,1013.13,286.28,198.66,314.88,1,-1,-1,-1
115,23,301.99,269.77,227.94,334.34,1,-1,-1,-1
115,22,715.38,252.68,192.30,357.84,1,-1,-1,-1
115,16,622.98,349.51,158.16,258.26,1,-1,-1,-1
115,9,5.73,301.11,206.14,296.47,1,-1,-1,-1
116,28,1108.11,332.79,149.38,259.86,1,-1,-1,-1
116,27,500.14,340.46,222.87,270.42,1,-1,-1,-1
116,25,1031.47,295.07,202.94,303.04,1,-1,-1,-1
116,23,303.92,262.58,199.75,340.06,1,-1,-1,-1
116,22,650.95,254.95,238.18,354.26,1,-1,-1,-1
116,16,634.82,372.00,139.53,230.23,1,-1,-1,-1
116,10,243.02,260.84,190.05,327.44,1,-1,-1,-1
116,9,0.47,304.84,209.25,294.54,1,-1,-1,-1
116,5,411.02,364.59,179.72,237.02,1,-1,-1,-1
117,28,1108.27,332.56,143.64,259.43,1,-1,-1,-1
117,27,497.39,336.81,243.41,269.91,1,-1,-1,-1
117,25,1043.88,300.83,149.25,295.22,1,-1,-1,-1
117,23,307.56,257.41,198.68,344.82,1,-1,-1,-1
117,22,645.85,258.13,235.18,350.20,1,-1,-1,-1
117,16,625.79,360.15,156.76,247.93,1,-1,-1,-1
117,10,234.58,254.15,194.55,330.19,1,-1,-1,-1
117,9,0.80,303.95,209.04,295.33,1,-1,-1,-1
117,5,405.29,362.17,189.66,240.68,1,-1,-1,-1
118,28,1104.95,342.06,147.71,251.29,1,-1,-1,-1
118,27,515.34,340.73,290.88,266.26,1,-1,-1,-1
118,25,1036.51,300.45,179.84,294.42,1,-1,-1,-1
118,23,281.88,245.49,162.35,354.47,1,-1,-1,-1
118,22,646.21,250.31,236.94,353.96,1,-1,-1,-1
118,10,302.00,253.86,139.54,348.03,1,-1,-1,-1
118,9,0.00,297.46,209.59,301.88,1,-1,-1,-1
118,5,406.43,362.94,189.13,241.17,1,-1,-1,-1
119,28,1106.12,338.61,138.42,256.81,1,-1,-1,-1
119,27,529.32,337.62,244.10,274.01,1,-1,-1,-1
119,25,1034.52,294.61,175.58,301.93,1,-1,-1,-1
119,23,299.25,240.83,177.06,357.44,1,-1,-1,-1
119,22,645.27,239.15,233.93,364.71,1,-1,-1,-1
119,10,267.69,258.61,167.51,327.63,1,-1,-1,-1
119,9,0.16,296.89,208.20,301.39,1,-1,-1,-1
119,5,426.46,358.84,170.80,244.77,1,-1,-1,-1
120,28,1104.71,327.74,134.61,264.54,1,-1,-1,-1
120,25,1023.16,279.82,186.30,317.58,1,-1,-1,-1
120,23,294.56,243.22,143.32,353.72,1,-1,-1,-1
120,22,631.39,231.32,238.49,374.82,1,-1,-1,-1
120,9,0.03,293.83,202.82,304.24,1,-1,-1,-1
120,5,429.56,360.15,181.73,247.72,1,-1,-1,-1
121,28,1098.38,319.65,140.46,269.63,1,-1,-1,-1
121,25,1019.27,274.37,204.13,323.42,1,-1,-1,-1
121,24,750.70,265.51,324.36,332.28,1,-1,-1,-1
121,23,283.61,247.17,195.87,347.40,1,-1,-1,-1
121,22,627.07,226.73,253.70,380.00,1,-1,-1,-1
121,9,0.00,294.19,212.26,302.39,1,-1,-1,-1
121,5,425.62,356.49,194.01,254.75,1,-1,-1,-1
122,28,1095.06,310.08,138.71,280.80,1,-1,-1,-1
122,26,532.34,391.29,136.27,204.17,1,-1,-1,-1
122,25,1005.88,271.72,185.82,324.12,1,-1,-1,-1
122,24,797.27,269.97,249.25,319.24,1,-1,-1,-1
122,23,251.10,283.65,230.45,313.54,1,-1,-1,-1
122,22,578.41,230.93,310.13,372.67,1,-1,-1,-1
122,9,0.00,308.74,206.87,286.66,1,-1,-1,-1
122,5,436.60,363.95,192.81,243.34,1,-1,-1,-1
123,28,1092.27,306.46,141.54,283.51,1,-1,-1,-1
123,26,516.75,389.21,151.94,204.82,1,-1,-1,-1
123,25,998.61,272.21,195.28,327.50,1,-1,-1,-1
123,24,780.56,258.63,281.81,342.88,1,-1,-1,-1
123,23,235.76,279.92,238.85,318.08,1,-1,-1,-1
123,22,568.27,237.96,328.23,367.73,1,-1,-1,-1
123,9,0.00,313.95,211.84,281.37,1,-1,-1,-1
123,5,430.45,317.41,206.39,286.20,1,-1,-1,-1
123,4,733.53,275.59,176.57,306.98,1,-1,-1,-1
124,28,1075.23,305.50,159.31,284.68,1,-1,-1,-1
124,26,531.66,394.52,117.36,203.36,1,-1,-1,-1
124,25,975.72,280.39,242.33,316.18,1,-1,-1,-1
124,23,204.72,278.26,242.18,329.04,1,-1,-1,-1
124,22,536.16,248.14,379.36,359.51,1,-1,-1,-1
124,9,0.07,326.17,249.34,269.73,1,-1,-1,-1
124,5,428.93,372.47,147.49,230.85,1,-1,-1,-1
124,4,741.47,286.90,169.12,298.40,1,-1,-1,-1
125,28,1078.71,307.96,157.34,281.73,1,-1,-1,-1
125,26,536.16,396.69,118.60,200.05,1,-1,-1,-1
125,25,969.00,285.85,219.67,309.41,1,-1,-1,-1
125,23,206.48,274.92,255.94,334.11,1,-1,-1,-1
125,22,545.42,253.00,363.27,353.58,1,-1,-1,-1
125,9,0.86,326.75,258.22,271.32,1,-1,-1,-1
125,5,433.69,396.13,134.08,206.60,1,-1,-1,-1
125,4,744.37,298.45,142.18,292.53,1,-1,-1,-1
126,28,1067.81,316.25,175.30,274.78,1,-1,-1,-1
126,26,506.72,272.33,212.32,333.60,1,-1,-1,-1
126,25,939.31,297.78,251.95,300.55,1,-1,-1,-1
126,24,833.04,263.81,155.43,309.94,1,-1,-1,-1
126,23,206.65,275.53,230.74,334.55,1,-1,-1,-1
126,22,727.39,270.98,247.97,320.70,1,-1,-1,-1
126,9,1.33,337.79,239.05,257.47,1,-1,-1,-1
126,5,436.05,272.75,268.54,330.11,1,-1,-1,-1
126,4,730.86,274.17,174.89,316.84,1,-1,-1,-1
127,28,1059.98,311.94,186.07,279.34,1,-1,-1,-1
127,26,523.04,335.82,160.87,243.09,1,-1,-1,-1
127,25,926.77,299.91,268.89,305.28,1,-1,-1,-1
127,24,803.15,253.88,224.43,331.39,1,-1,-1,-1
127,22,718.24,270.09,257.94,318.63,1,-1,-1,-1
127,9,0.33,330.28,180.67,264.68,1,-1,-1,-1
127,5,432.16,274.38,252.77,324.27,1,-1,-1,-1
127,4,733.01,282.05,169.35,308.76,1,-1,-1,-1
128,28,1081.91,330.82,163.55,260.82,1,-1,-1,-1
128,27,705.13,401.39,217.06,199.42,1,-1,-1,-1
128,25,900.22,288.05,267.01,313.51,1,-1,-1,-1
128,22,718.05,272.39,197.84,320.85,1,-1,-1,-1
128,9,0.14,337.52,167.84,258.43,1,-1,-1,-1
128,8,1.12,341.09,168.20,253.33,1,-1,-1,-1
128,5,422.49,384.74,186.34,216.39,1,-1,-1,-1
129,28,1080.34,332.33,185.65,260.55,1,-1,-1,-1
129,27,640.01,346.07,318.18,277.74,1,-1,-1,-1
129,25,879.29,278.20,275.54,319.03,1,-1,-1,-1
129,23,73.79,178.91,395.43,422.85,1,-1,-1,-1
129,22,668.41,268.63,263.76,330.84,1,-1,-1,-1
129,9,0.24,331.32,165.49,262.87,1,-1,-1,-1
129,8,0.00,309.04,164.69,286.72,1,-1,-1,-1
129,5,428.51,341.32,206.69,267.02,1,-1,-1,-1
130,29,959.64,259.07,209.99,342.31,1,-1,-1,-1
130,28,1074.40,334.51,197.84,260.84,1,-1,-1,-1
130,25,837.42,252.23,286.45,346.03,1,-1,-1,-1
130,23,210.51,267.51,267.53,328.16,1,-1,-1,-1
130,22,616.66,331.26,190.20,269.42,1,-1,-1,-1
130,16,458.01,266.19,351.94,346.51,1,-1,-1,-1
130,15,292.73,270.03,298.36,324.69,1,-1,-1,-1
130,9,0.00,239.27,159.48,352.45,1,-1,-1,-1
130,8,27.00,336.78,206.69,252.27,1,-1,-1,-1
131,29,957.13,315.99,207.87,284.84,1,-1,-1,-1
131,28,1073.79,336.68,196.12,259.22,1,-1,-1,-1
131,25,828.63,233.99,270.69,364.83,1,-1,-1,-1
131,23,219.04,267.70,276.05,328.62,1,-1,-1,-1
131,22,622.35,329.46,187.51,270.01,1,-1,-1,-1
131,16,488.29,198.47,316.77,408.20,1,-1,-1,-1
131,15,242.88,269.48,355.88,329.45,1,-1,-1,-1
131,9,2.04,328.84,163.05,263.86,1,-1,-1,-1
131,8,24.69,332.29,221.97,258.11,1,-1,-1,-1
132,29,943.01,325.50,214.42,276.48,1,-1,-1,-1
132,28,1052.54,324.97,212.36,272.34,1,-1,-1,-1
132,25,931.60,234.83,226.23,367.56,1,-1,-1,-1
132,23,202.65,265.05,257.26,329.23,1,-1,-1,-1
132,22,602.40,307.01,235.40,315.87,1,-1,-1,-1
132,16,448.03,233.56,276.43,373.03,1,-1,-1,-1
132,15,283.44,269.21,302.63,328.42,1,-1,-1,-1
132,9,0.00,296.55,174.52,299.20,1,-1,-1,-1
132,8,9.54,331.20,208.91,266.12,1,-1,-1,-1
133,29,953.70,315.34,211.06,281.47,1,-1,-1,-1
133,28,1046.18,314.74,215.49,283.46,1,-1,-1,-1
133,25,929.04,199.98,221.89,405.64,1,-1,-1,-1
133,23,197.62,263.41,262.10,332.38,1,-1,-1,-1
133,16,373.02,148.15,331.00,461.40,1,-1,-1,-1
133,9,0.00,302.26,177.73,291.52,1,-1,-1,-1
133,4,720.28,274.80,126.64,324.16,1,-1,-1,-1
134,28,1040.30,294.14,217.78,304.46,1,-1,-1,-1
134,25,923.16,184.31,187.79,418.51,1,-1,-1,-1
134,23,213.68,267.70,251.44,325.17,1,-1,-1,-1
134,16,403.38,144.77,278.87,459.24,1,-1,-1,-1
134,9,0.03,217.08,168.85,403.00,1,-1,-1,-1
134,4,699.60,278.39,164.02,319.08,1,-1,-1,-1
135,28,1036.58,282.71,220.15,318.42,1,-1,-1,-1
135,25,918.06,183.09,180.36,422.29,1,-1,-1,-1
135,23,118.35,188.53,329.24,407.70,1,-1,-1,-1
135,22,618.36,304.78,218.80,295.79,1,-1,-1,-1
135,16,395.00,148.75,307.16,458.90,1,-1,-1,-1
135,9,0.00,311.13,165.99,287.53,1,-1,-1,-1
136,28,996.43,273.23,258.72,321.11,1,-1,-1,-1
136,25,840.78,201.41,338.33,403.03,1,-1,-1,-1
136,23,195.63,262.77,275.31,330.38,1,-1,-1,-1
136,22,507.21,362.55,335.60,243.12,1,-1,-1,-1
136,16,419.83,177.15,266.61,426.36,1,-1,-1,-1
136,10,0.98,341.63,292.66,258.56,1,-1,-1,-1
136,9,-5.42,293.26,172.64,302.78,1,-1,-1,-1
137,28,983.98,243.57,280.52,355.82,1,-1,-1,-1
137,25,852.93,222.35,306.64,379.07,1,-1,-1,-1
137,23,210.06,264.47,253.39,327.53,1,-1,-1,-1
137,22,555.66,335.40,258.33,283.44,1,-1,-1,-1
137,16,413.04,197.70,263.41,407.40,1,-1,-1,-1
137,10,81.54,267.02,230.02,330.23,1,-1,-1,-1
137,4,680.12,267.77,281.76,332.43,1,-1,-1,-1
138,31,630.87,351.66,223.37,252.72,1,-1,-1,-1
138,28,997.02,279.95,268.60,319.87,1,-1,-1,-1
138,25,862.54,358.21,218.70,244.18,1,-1,-1,-1
138,23,187.96,250.85,278.97,347.44,1,-1,-1,-1
138,16,377.77,247.73,304.78,355.43,1,-1,-1,-1
138,10,42.02,286.36,276.59,309.82,1,-1,-1,-1
138,4,673.64,276.40,286.86,319.67,1,-1,-1,-1
139,31,649.65,376.61,197.48,227.81,1,-1,-1,-1
139,28,995.08,287.09,267.96,315.00,1,-1,-1,-1
139,25,845.80,281.20,261.33,350.93,1,-1,-1,-1
139,16,354.53,257.58,310.06,346.30,1,-1,-1,-1
139,10,14.85,295.18,299.03,301.23,1,-1,-1,-1
139,9,0.67,345.41,191.62,247.20,1,-1,-1,-1
139,4,723.44,278.84,233.84,315.74,1,-1,-1,-1
140,31,634.01,341.27,210.34,263.38,1,-1,-1,-1
140,28,1002.47,303.76,249.97,297.70,1,-1,-1,-1
140,22,516.61,368.58,217.88,231.36,1,-1,-1,-1
140,16,317.66,268.29,334.64,332.13,1,-1,-1,-1
140,10,1.94,293.37,347.91,303.90,1,-1,-1,-1
140,9,4.23,331.84,180.56,269.13,1,-1,-1,-1
140,4,753.21,275.02,93.54,302.52,1,-1,-1,-1
141,32,743.67,283.53,285.44,310.86,1,-1,-1,-1
141,31,633.96,344.15,196.05,261.24,1,-1,-1,-1
141,28,997.21,290.28,254.60,315.08,1,-1,-1,-1
141,22,519.01,374.95,194.28,226.40,1,-1,-1,-1
141,16,333.40,271.69,313.58,331.19,1,-1,-1,-1
141,10,1.77,299.61,335.08,299.06,1,-1,-1,-1
141,4,747.46,275.30,98.57,302.68,1,-1,-1,-1
142,32,776.73,273.99,253.19,325.51,1,-1,-1,-1
142,31,552.48,338.37,245.99,258.03,1,-1,-1,-1
142,29,1049.15,340.32,206.15,255.79,1,-1,-1,-1
142,22,493.66,365.69,238.18,250.55,1,-1,-1,-1
142,16,309.57,243.87,333.61,362.37,1,-1,-1,-1
142,10,54.60,386.65,286.98,213.31,1,-1,-1,-1
142,4,746.17,276.24,105.71,305.76,1,-1,-1,-1
143,32,827.58,256.25,201.35,348.09,1,-1,-1,-1
143,31,609.11,309.30,301.64,293.48,1,-1,-1,-1
143,29,1020.73,351.87,256.00,246.80,1,-1,-1,-1
143,16,310.00,214.52,294.27,391.07,1,-1,-1,-1
143,15,169.26,273.95,269.47,315.79,1,-1,-1,-1
143,10,61.80,396.04,288.85,202.70,1,-1,-1,-1
143,4,725.89,273.32,146.88,309.13,1,-1,-1,-1
144,32,809.78,223.60,262.54,382.01,1,-1,-1,-1
144,31,607.93,315.56,254.47,289.58,1,-1,-1,-1
144,28,1026.94,308.65,233.93,289.79,1,-1,-1,-1
144,25,937.05,306.24,324.79,294.90,1,-1,-1,-1
144,16,318.27,181.07,343.24,426.38,1,-1,-1,-1
144,15,240.23,270.92,201.50,325.72,1,-1,-1,-1
144,10,71.40,414.15,177.09,184.59,1,-1,-1,-1
144,9,4.09,352.15,152.25,241.66,1,-1,-1,-1
145,32,780.93,204.65,233.19,400.73,1,-1,-1,-1
145,28,1033.49,302.59,230.09,297.43,1,-1,-1,-1
145,25,909.05,289.65,259.52,306.19,1,-1,-1,-1
145,16,309.49,169.89,305.44,432.13,1,-1,-1,-1
145,15,255.92,270.12,172.49,316.81,1,-1,-1,-1
145,10,70.33,393.99,178.61,203.17,1,-1,-1,-1
145,9,1.67,356.13,157.47,238.32,1,-1,-1,-1
145,8,140.46,258.49,218.79,336.89,1,-1,-1,-1
146,32,783.13,219.92,254.18,364.04,1,-1,-1,-1
146,28,1023.19,304.31,244.89,296.93,1,-1,-1,-1
146,25,916.33,258.31,255.00,341.01,1,-1,-1,-1
146,16,275.81,153.56,252.09,446.35,1,-1,-1,-1
146,15,278.41,274.33,253.43,327.26,1,-1,-1,-1
146,10,0.00,340.42,248.28,257.34,1,-1,-1,-1
146,9,1.80,308.54,187.30,285.33,1,-1,-1,-1
146,8,95.00,306.10,295.15,293.88,1,-1,-1,-1
146,4,724.36,297.92,274.15,305.11,1,-1,-1,-1
147,25,933.56,241.48,271.33,359.94,1,-1,-1,-1
147,16,257.58,171.53,302.76,410.75,1,-1,-1,-1
147,15,261.40,274.34,242.55,322.55,1,-1,-1,-1
147,10,0.00,336.87,248.57,260.98,1,-1,-1,-1
147,9,0.00,218.41,246.27,376.34,1,-1,-1,-1
147,8,112.62,305.85,271.43,279.19,1,-1,-1,-1
147,5,522.73,296.90,300.01,307.24,1,-1,-1,-1
147,4,726.83,323.32,268.92,278.74,1,-1,-1,-1
148,25,907.35,218.92,357.04,379.89,1,-1,-1,-1
148,22,436.99,346.74,208.80,257.53,1,-1,-1,-1
148,10,1.26,362.59,253.08,231.65,1,-1,-1,-1
148,9,16.31,276.96,193.78,289.77,1,-1,-1,-1
148,5,484.60,331.05,314.63,272.79,1,-1,-1,-1
148,4,684.50,342.83,305.92,255.08,1,-1,-1,-1
149,32,750.14,192.31,241.45,400.21,1,-1,-1,-1
149,25,936.00,316.05,343.43,286.78,1,-1,-1,-1
149,22,429.44,352.06,260.55,251.69,1,-1,-1,-1
149,10,18.54,365.54,324.42,225.94,1,-1,-1,-1
149,5,467.67,334.24,339.16,269.54,1,-1,-1,-1
149,4,700.58,346.57,296.92,254.55,1,-1,-1,-1
150,32,732.17,181.40,260.02,403.54,1,-1,-1,-1
150,25,936.71,335.37,342.53,267.04,1,-1,-1,-1
150,22,424.11,367.46,195.32,236.05,1,-1,-1,-1
150,16,226.50,226.69,297.21,368.44,1,-1,-1,-1
150,10,8.10,360.16,285.62,234.83,1,-1,-1,-1
150,5,561.56,348.99,170.23,248.91,1,-1,-1,-1
150,4,698.95,351.26,366.92,251.83,1,-1,-1,-1
151,25,948.33,307.74,328.24,307.82,1,-1,-1,-1
151,22,422.95,365.03,205.05,239.71,1,-1,-1,-1
151,16,233.80,236.41,275.97,356.91,1,-1,-1,-1
151,10,0.01,380.96,276.14,216.52,1,-1,-1,-1
151,9,42.40,305.37,228.53,289.94,1,-1,-1,-1
151,5,518.64,355.02,286.34,246.64,1,-1,-1,-1
151,4,684.67,358.27,294.78,244.84,1,-1,-1,-1
152,28,940.46,259.74,329.19,337.09,1,-1,-1,-1
152,22,428.15,379.52,195.62,224.33,1,-1,-1,-1
152,16,83.44,266.56,404.86,332.02,1,-1,-1,-1
152,10,12.12,348.92,308.93,244.40,1,-1,-1,-1
152,9,56.76,288.97,221.23,300.93,1,-1,-1,-1
152,5,526.21,346.62,283.60,256.45,1,-1,-1,-1
152,4,700.12,384.45,359.72,220.69,1,-1,-1,-1
153,32,663.07,286.15,235.48,307.67,1,-1,-1,-1
153,28,875.24,285.86,402.61,312.00,1,-1,-1,-1
153,22,404.07,368.81,217.43,245.71,1,-1,-1,-1
153,16,123.91,270.47,347.34,332.71,1,-1,-1,-1
153,10,27.61,333.84,207.27,253.08,1,-1,-1,-1
153,4,717.61,370.74,310.95,248.36,1,-1,-1,-1
154,33,15.37,95.84,267.00,474.33,1,-1,-1,-1
154,32,637.77,281.34,202.59,317.15,1,-1,-1,-1
154,28,868.36,312.31,356.31,287.64,1,-1,-1,-1
154,26,444.35,392.44,298.89,220.96,1,-1,-1,-1
154,16,127.42,271.75,310.26,334.68,1,-1,-1,-1
154,10,8.68,325.23,162.70,264.85,1,-1,-1,-1
155,33,19.41,85.39,273.15,457.31,1,-1,-1,-1
155,32,605.98,285.03,239.13,317.94,1,-1,-1,-1
155,31,616.76,281.09,315.46,324.08,1,-1,-1,-1
155,29,1094.58,328.09,182.20,265.63,1,-1,-1,-1
155,28,867.34,313.20,379.00,286.14,1,-1,-1,-1
155,26,456.32,394.62,285.63,216.27,1,-1,-1,-1
155,25,954.73,313.21,317.66,284.61,1,-1,-1,-1
155,16,143.23,272.24,296.52,332.26,1,-1,-1,-1
155,10,11.17,324.56,163.24,266.40,1,-1,-1,-1
156,33,20.52,96.90,260.64,443.06,1,-1,-1,-1
156,32,513.84,289.36,321.87,315.38,1,-1,-1,-1
156,31,668.44,398.03,335.74,207.74,1,-1,-1,-1
156,29,1081.56,342.78,188.74,252.81,1,-1,-1,-1
156,28,888.69,313.28,368.43,288.59,1,-1,-1,-1
156,26,455.16,392.93,287.62,224.74,1,-1,-1,-1
156,25,951.19,307.37,328.72,297.25,1,-1,-1,-1
156,16,126.99,290.22,301.65,313.02,1,-1,-1,-1
156,10,26.68,323.67,158.05,271.46,1,-1,-1,-1
157,32,483.55,286.04,353.48,323.08,1,-1,-1,-1
157,31,664.11,337.33,318.78,293.38,1,-1,-1,-1
157,29,1084.93,329.30,201.35,271.31,1,-1,-1,-1
157,28,852.51,315.40,300.38,288.70,1,-1,-1,-1
157,16,121.03,287.14,320.84,314.96,1,-1,-1,-1
157,10,29.08,329.77,160.52,266.25,1,-1,-1,-1
157,4,718.59,288.82,276.96,312.01,1,-1,-1,-1
158,32,464.28,263.18,383.14,346.79,1,-1,-1,-1
158,28,794.44,298.31,307.03,304.81,1,-1,-1,-1
158,22,461.17,392.54,101.09,205.15,1,-1,-1,-1
158,16,32.29,257.66,399.06,344.81,1,-1,-1,-1
158,10,29.50,313.38,157.66,281.41,1,-1,-1,-1
158,4,619.98,254.97,370.72,351.23,1,-1,-1,-1
159,32,504.94,228.36,332.99,380.73,1,-1,-1,-1
159,28,771.69,289.17,305.24,312.47,1,-1,-1,-1
159,25,843.79,312.38,414.78,292.27,1,-1,-1,-1
159,22,320.89,395.23,317.74,212.91,1,-1,-1,-1
159,16,41.44,257.65,401.77,343.41,1,-1,-1,-1
159,10,1.53,311.17,296.63,283.56,1,-1,-1,-1
159,4,591.55,292.42,269.74,319.20,1,-1,-1,-1
160,32,572.29,196.64,263.19,412.02,1,-1,-1,-1
160,28,741.43,255.88,289.16,340.11,1,-1,-1,-1
160,25,1009.53,284.77,265.89,316.85,1,-1,-1,-1
160,22,371.82,392.20,211.98,220.16,1,-1,-1,-1
160,16,39.83,332.10,291.68,266.36,1,-1,-1,-1
160,10,27.03,293.36,165.81,294.84,1,-1,-1,-1
160,4,719.88,275.00,179.75,319.72,1,-1,-1,-1
161,32,516.82,224.68,311.23,368.38,1,-1,-1,-1
161,28,783.60,248.15,301.68,354.95,1,-1,-1,-1
161,25,1012.50,245.17,240.84,354.17,1,-1,-1,-1
161,16,49.45,324.35,269.52,273.85,1,-1,-1,-1
161,15,283.63,256.74,309.62,344.32,1,-1,-1,-1
161,10,51.44,321.67,181.81,270.84,1,-1,-1,-1
161,4,736.74,276.33,160.46,316.17,1,-1,-1,-1
162,28,743.61,211.95,341.08,396.98,1,-1,-1,-1
162,25,963.89,233.64,293.07,368.78,1,-1,-1,-1
162,16,30.32,145.94,292.39,456.33,1,-1,-1,-1
162,15,256.10,264.86,201.66,333.51,1,-1,-1,-1
162,10,37.14,311.98,192.88,279.02,1,-1,-1,-1
162,4,722.09,276.58,136.87,308.47,1,-1,-1,-1
163,28,728.14,204.79,350.27,399.08,1,-1,-1,-1
163,25,1006.41,308.17,162.63,288.20,1,-1,-1,-1
163,16,-1.43,231.06,320.63,343.32,1,-1,-1,-1
163,15,257.01,264.83,256.94,329.17,1,-1,-1,-1
163,10,35.33,314.10,193.36,273.53,1,-1,-1,-1
163,4,687.22,275.31,210.29,310.20,1,-1,-1,-1
164,32,415.81,178.26,364.98,428.86,1,-1,-1,-1
164,28,756.24,214.90,321.28,392.13,1,-1,-1,-1
164,25,997.61,217.53,241.99,382.91,1,-1,-1,-1
165,32,485.08,185.47,309.22,424.94,1,-1,-1,-1
165,28,700.89,223.34,360.23,385.42,1,-1,-1,-1
165,25,991.53,216.35,228.64,385.24,1,-1,-1,-1
166,32,436.49,249.39,383.76,357.76,1,-1,-1,-1
166,28,748.86,230.18,319.82,374.48,1,-1,-1,-1
166,25,970.94,241.25,219.90,361.46,1,-1,-1,-1
166,15,269.66,263.17,212.51,332.16,1,-1,-1,-1
167,33,35.14,260.14,159.19,325.83,1,-1,-1,-1
167,32,472.97,265.44,352.10,339.90,1,-1,-1,-1
167,28,746.86,278.16,251.24,326.52,1,-1,-1,-1
167,25,974.10,266.66,226.03,336.04,1,-1,-1,-1
167,15,255.42,263.73,226.95,331.92,1,-1,-1,-1
167,10,34.67,362.03,222.21,232.83,1,-1,-1,-1
167,8,58.56,269.18,293.27,296.06,1,-1,-1,-1
168,33,36.93,288.71,143.27,294.56,1,-1,-1,-1
168,32,435.60,279.34,346.82,327.13,1,-1,-1,-1
168,28,741.92,275.04,267.13,329.27,1,-1,-1,-1
168,25,1005.01,302.13,125.47,275.89,1,-1,-1,-1
168,10,31.24,290.91,229.35,303.63,1,-1,-1,-1
168,9,28.13,367.65,220.25,229.98,1,-1,-1,-1
168,8,42.35,300.12,316.08,294.68,1,-1,-1,-1
169,32,430.16,282.44,290.69,323.42,1,-1,-1,-1
169,29,1154.72,0.28,125.21,598.22,1,-1,-1,-1
169,28,711.42,258.58,302.57,357.81,1,-1,-1,-1
169,25,974.88,308.35,160.26,288.93,1,-1,-1,-1
169,10,29.79,302.68,227.93,293.06,1,-1,-1,-1
169,9,17.88,363.25,235.94,235.60,1,-1,-1,-1
169,8,36.44,302.05,328.03,298.43,1,-1,-1,-1
170,32,432.13,282.30,294.43,323.05,1,-1,-1,-1
170,29,1145.38,11.78,155.67,554.23,1,-1,-1,-1
170,25,935.96,317.47,215.13,275.99,1,-1,-1,-1
170,15,272.02,270.84,173.60,307.80,1,-1,-1,-1
170,10,34.98,314.05,219.73,272.13,1,-1,-1,-1
170,8,35.25,310.36,333.63,290.70,1,-1,-1,-1
171,32,431.69,252.48,289.82,356.79,1,-1,-1,-1
171,30,983.43,336.59,202.14,270.53,1,-1,-1,-1
171,25,951.38,319.91,236.48,287.94,1,-1,-1,-1
171,15,231.41,269.83,254.16,329.27,1,-1,-1,-1
171,8,37.84,312.93,334.32,289.17,1,-1,-1,-1
172,32,422.18,219.34,278.15,387.29,1,-1,-1,-1
172,30,977.33,368.83,199.20,236.70,1,-1,-1,-1
172,25,954.67,319.49,224.49,288.30,1,-1,-1,-1
172,15,244.51,271.24,231.35,327.14,1,-1,-1,-1
172,8,41.79,309.31,318.27,301.54,1,-1,-1,-1
172,4,662.29,275.67,193.83,327.47,1,-1,-1,-1
173,32,399.04,240.34,304.67,361.82,1,-1,-1,-1
173,30,965.12,388.35,221.58,212.35,1,-1,-1,-1
173,25,943.73,298.23,239.57,303.20,1,-1,-1,-1
173,15,214.32,270.51,273.37,325.02,1,-1,-1,-1
173,4,651.10,283.34,203.27,318.87,1,-1,-1,-1
174,30,966.84,378.49,215.16,227.25,1,-1,-1,-1
174,25,892.88,255.93,298.51,345.06,1,-1,-1,-1
174,15,266.41,264.59,238.89,325.35,1,-1,-1,-1
174,4,663.55,256.56,266.02,348.50,1,-1,-1,-1
175,25,866.61,237.80,321.27,366.11,1,-1,-1,-1
175,15,251.90,267.61,260.51,330.27,1,-1,-1,-1
175,4,656.39,244.62,231.88,358.50,1,-1,-1,-1
176,32,331.33,178.56,387.71,427.78,1,-1,-1,-1
176,25,883.82,203.96,306.50,403.85,1,-1,-1,-1
176,16,10.37,208.43,231.09,390.10,1,-1,-1,-1
176,15,206.98,267.65,280.18,330.16,1,-1,-1,-1
176,4,732.68,271.63,147.68,301.06,1,-1,-1,-1
177,32,329.66,348.77,400.72,260.54,1,-1,-1,-1
177,25,884.24,198.36,298.33,407.35,1,-1,-1,-1
177,16,-9.33,177.27,268.46,425.35,1,-1,-1,-1
177,15,205.45,262.43,285.73,333.47,1,-1,-1,-1
177,4,695.25,257.83,199.75,328.20,1,-1,-1,-1
178,32,347.72,237.17,399.42,376.23,1,-1,-1,-1
178,29,1151.87,0.00,127.99,597.73,1,-1,-1,-1
178,25,886.85,242.10,314.37,349.09,1,-1,-1,-1
178,24,561.15,362.80,336.33,243.56,1,-1,-1,-1
178,15,217.95,264.47,263.96,331.14,1,-1,-1,-1
179,32,338.47,255.99,377.16,348.96,1,-1,-1,-1
179,30,971.70,305.77,235.98,276.41,1,-1,-1,-1
179,29,1152.75,0.00,127.09,595.95,1,-1,-1,-1
179,25,881.44,245.17,316.71,349.92,1,-1,-1,-1
179,24,531.98,363.14,366.78,245.31,1,-1,-1,-1
179,9,0.00,345.81,233.71,250.65,1,-1,-1,-1
180,32,301.28,279.94,368.49,327.72,1,-1,-1,-1
180,30,959.81,316.96,245.48,260.50,1,-1,-1,-1
180,29,1152.37,0.00,127.26,598.27,1,-1,-1,-1
180,25,847.39,360.54,366.73,237.08,1,-1,-1,-1
180,24,620.62,237.47,252.42,363.74,1,-1,-1,-1
180,9,0.00,322.68,279.31,280.69,1,-1,-1,-1
181,32,292.81,281.91,343.72,321.03,1,-1,-1,-1
181,31,826.76,375.75,352.61,229.87,1,-1,-1,-1
181,29,1153.20,-6.36,130.20,602.93,1,-1,-1,-1
181,25,876.54,300.65,328.81,293.24,1,-1,-1,-1
181,24,589.65,384.86,306.76,222.69,1,-1,-1,-1
181,15,288.13,280.42,284.87,318.80,1,-1,-1,-1
181,9,0.00,317.85,290.56,281.00,1,-1,-1,-1
181,4,585.81,261.32,199.80,343.85,1,-1,-1,-1
182,32,274.02,273.45,374.39,339.02,1,-1,-1,-1
182,31,856.39,319.18,343.04,282.28,1,-1,-1,-1
182,25,854.75,306.51,340.59,294.39,1,-1,-1,-1
182,24,562.14,293.66,320.16,313.42,1,-1,-1,-1
182,16,49.34,147.61,317.01,443.30,1,-1,-1,-1
182,15,277.52,286.37,302.57,315.24,1,-1,-1,-1
182,9,0.37,322.22,267.17,276.75,1,-1,-1,-1
182,4,577.00,250.52,210.29,352.93,1,-1,-1,-1
183,31,875.74,336.82,319.64,264.54,1,-1,-1,-1
183,25,860.02,301.28,332.09,307.28,1,-1,-1,-1
183,24,550.25,295.07,326.81,311.74,1,-1,-1,-1
183,16,27.47,133.55,293.36,464.72,1,-1,-1,-1
183,15,279.20,287.93,329.82,316.71,1,-1,-1,-1
183,9,19.57,325.50,297.48,274.61,1,-1,-1,-1
184,35,752.64,276.96,94.48,267.40,1,-1,-1,-1
184,31,871.64,326.97,341.83,285.86,1,-1,-1,-1
184,30,945.14,346.29,241.41,255.98,1,-1,-1,-1
184,28,786.52,315.85,297.05,279.66,1,-1,-1,-1
184,24,590.34,295.90,282.50,309.03,1,-1,-1,-1
184,16,43.62,146.28,248.03,406.14,1,-1,-1,-1
184,15,307.93,304.07,314.57,302.06,1,-1,-1,-1
184,9,30.98,338.16,222.97,258.56,1,-1,-1,-1
185,35,745.76,275.22,102.35,258.18,1,-1,-1,-1
185,30,958.12,341.37,223.91,257.27,1,-1,-1,-1
185,28,804.47,292.84,257.23,305.44,1,-1,-1,-1
185,24,570.27,302.71,308.38,294.85,1,-1,-1,-1
185,16,25.54,142.33,259.34,410.29,1,-1,-1,-1
185,15,243.30,307.45,297.21,305.50,1,-1,-1,-1
185,9,28.82,341.29,212.35,253.41,1,-1,-1,-1
186,32,186.41,285.68,314.64,319.16,1,-1,-1,-1
186,30,952.59,348.01,200.55,251.21,1,-1,-1,-1
186,29,1154.24,0.00,125.70,597.89,1,-1,-1,-1
186,28,758.75,256.77,254.55,342.06,1,-1,-1,-1
186,25,722.67,401.30,444.61,210.30,1,-1,-1,-1
186,16,21.36,128.01,275.76,437.59,1,-1,-1,-1
186,15,265.10,305.08,309.63,308.62,1,-1,-1,-1
186,10,19.57,343.34,308.23,261.87,1,-1,-1,-1
186,9,15.27,334.43,249.35,264.45,1,-1,-1,-1
186,4,505.94,291.93,229.30,314.88,1,-1,-1,-1
187,32,180.47,269.57,327.08,336.05,1,-1,-1,-1
187,30,948.45,347.78,202.80,255.13,1,-1,-1,-1
187,29,1155.12,0.00,124.78,598.85,1,-1,-1,-1
187,28,769.92,302.56,179.15,299.14,1,-1,-1,-1
187,25,791.18,400.41,360.42,207.81,1,-1,-1,-1
187,10,14.67,341.69,311.88,262.09,1,-1,-1,-1
187,4,511.53,287.22,195.50,326.27,1,-1,-1,-1
188,32,179.32,349.77,334.37,255.13,1,-1,-1,-1
188,30,939.55,345.94,219.98,256.72,1,-1,-1,-1
188,29,1157.73,0.00,122.14,596.15,1,-1,-1,-1
188,28,720.04,220.36,320.24,388.69,1,-1,-1,-1
188,26,294.94,217.10,245.99,374.56,1,-1,-1,-1
188,25,771.79,396.96,378.96,228.62,1,-1,-1,-1
188,10,24.86,345.81,302.09,256.56,1,-1,-1,-1
188,4,444.01,259.78,357.41,352.49,1,-1,-1,-1
189,32,151.64,314.50,342.99,306.23,1,-1,-1,-1
189,29,1156.25,-5.82,126.50,605.22,1,-1,-1,-1
189,28,730.26,301.54,280.55,306.51,1,-1,-1,-1
189,26,287.82,198.53,232.83,394.07,1,-1,-1,-1
189,16,36.67,129.41,276.05,447.03,1,-1,-1,-1
189,10,10.95,326.50,301.94,275.82,1,-1,-1,-1
189,4,337.73,240.49,459.13,369.95,1,-1,-1,-1
190,28,726.61,283.63,282.52,321.09,1,-1,-1,-1
190,26,275.66,180.47,224.68,409.62,1,-1,-1,-1
190,16,8.45,151.93,296.94,445.68,1,-1,-1,-1
190,10,17.16,337.46,297.28,262.35,1,-1,-1,-1
190,4,439.02,221.28,363.35,388.80,1,-1,-1,-1
191,31,993.69,349.46,209.79,248.75,1,-1,-1,-1
191,26,258.87,185.88,240.48,406.43,1,-1,-1,-1
191,16,0.31,161.85,289.54,441.92,1,-1,-1,-1
191,4,429.28,204.67,252.79,405.53,1,-1,-1,-1
192,31,985.90,344.91,257.59,260.40,1,-1,-1,-1
192,30,818.96,240.12,310.59,364.84,1,-1,-1,-1
192,26,201.34,197.73,274.88,399.54,1,-1,-1,-1
192,16,8.50,162.86,280.26,428.89,1,-1,-1,-1
192,4,411.65,224.58,288.48,381.61,1,-1,-1,-1
193,35,678.97,216.06,264.75,385.13,1,-1,-1,-1
193,30,810.83,242.37,368.07,358.29,1,-1,-1,-1
193,26,212.79,195.02,259.54,393.42,1,-1,-1,-1
193,4,415.66,239.12,317.73,369.46,1,-1,-1,-1
194,35,685.96,260.74,158.50,342.74,1,-1,-1,-1
194,30,747.41,253.91,430.19,354.42,1,-1,-1,-1
194,9,2.78,327.08,246.98,273.00,1,-1,-1,-1
194,5,556.15,342.68,194.67,257.82,1,-1,-1,-1
194,4,389.20,251.21,288.33,355.20,1,-1,-1,-1
195,35,668.57,275.87,176.10,325.03,1,-1,-1,-1
195,31,994.46,352.90,194.96,247.49,1,-1,-1,-1
195,30,751.39,259.48,362.55,350.54,1,-1,-1,-1
195,29,1159.57,0.00,120.32,597.10,1,-1,-1,-1
195,15,244.24,276.71,264.07,320.49,1,-1,-1,-1
195,9,39.15,329.47,196.02,263.82,1,-1,-1,-1
195,5,539.01,345.76,196.46,259.41,1,-1,-1,-1
195,4,362.90,258.17,294.09,346.20,1,-1,-1,-1
196,35,626.92,280.85,248.64,327.34,1,-1,-1,-1
196,31,1011.12,365.63,181.55,239.60,1,-1,-1,-1
196,30,779.15,295.75,414.72,311.23,1,-1,-1,-1
196,29,1158.66,0.00,121.23,596.71,1,-1,-1,-1
196,28,611.07,312.21,583.56,299.45,1,-1,-1,-1
196,22,122.90,286.87,335.04,320.12,1,-1,-1,-1
196,15,234.39,276.12,284.60,321.82,1,-1,-1,-1
196,9,44.38,329.26,177.15,265.34,1,-1,-1,-1
196,5,504.71,347.91,269.28,252.20,1,-1,-1,-1
196,4,333.06,280.54,336.12,325.91,1,-1,-1,-1
197,35,616.58,306.99,278.29,299.39,1,-1,-1,-1
197,31,1011.88,370.30,181.04,231.04,1,-1,-1,-1
197,30,742.30,276.07,293.20,319.16,1,-1,-1,-1
197,29,1157.12,0.00,122.83,597.91,1,-1,-1,-1
197,28,649.43,331.37,441.49,283.37,1,-1,-1,-1
197,22,68.53,283.26,374.12,320.49,1,-1,-1,-1
197,16,41.79,138.15,225.17,456.24,1,-1,-1,-1
197,9,25.31,328.28,214.84,266.47,1,-1,-1,-1
197,4,351.18,281.08,291.43,323.46,1,-1,-1,-1
198,35,563.10,312.81,304.07,292.75,1,-1,-1,-1
198,31,1007.71,372.09,186.76,230.03,1,-1,-1,-1
198,30,729.93,267.89,349.05,337.59,1,-1,-1,-1
198,29,1161.63,0.00,118.32,598.25,1,-1,-1,-1
198,24,842.78,327.97,203.40,272.90,1,-1,-1,-1
198,22,64.97,274.46,324.95,331.47,1,-1,-1,-1
198,16,32.29,136.93,248.08,455.42,1,-1,-1,-1
198,4,349.74,282.82,280.40,326.66,1,-1,-1,-1
199,35,534.00,308.43,318.13,300.31,1,-1,-1,-1
199,31,993.10,367.89,198.96,232.46,1,-1,-1,-1
199,29,1161.37,0.00,118.49,596.46,1,-1,-1,-1
199,24,843.85,307.63,220.54,308.87,1,-1,-1,-1
199,22,69.20,254.19,284.08,351.53,1,-1,-1,-1
199,4,337.35,283.01,275.03,326.31,1,-1,-1,-1
200,35,550.56,295.42,286.85,333.36,1,-1,-1,-1
200,31,1008.19,363.52,169.94,241.12,1,-1,-1,-1
200,29,1164.67,0.00,115.11,599.28,1,-1,-1,-1
200,22,50.08,265.42,315.98,340.00,1,-1,-1,-1
200,4,308.46,260.41,258.69,348.05,1,-1,-1,-1
201,31,1004.77,367.10,188.21,238.69,1,-1,-1,-1
201,30,783.91,314.44,257.62,287.66,1,-1,-1,-1
201,29,1161.38,0.00,118.42,604.65,1,-1,-1,-1
201,28,537.77,354.90,352.74,259.34,1,-1,-1,-1
201,4,328.92,237.45,229.04,371.93,1,-1,-1,-1
202,30,755.38,290.21,253.23,306.52,1,-1,-1,-1
202,29,1165.71,0.14,114.29,598.74,1,-1,-1,-1
202,28,502.94,361.42,400.70,256.14,1,-1,-1,-1
202,24,799.31,343.29,401.20,263.36,1,-1,-1,-1
202,4,201.53,213.84,320.77,392.46,1,-1,-1,-1
203,30,735.27,293.94,292.82,308.88,1,-1,-1,-1
203,29,1007.09,227.09,269.78,376.58,1,-1,-1,-1
203,24,761.90,286.83,426.47,318.53,1,-1,-1,-1
203,4,243.59,196.08,271.79,410.34,1,-1,-1,-1
204,29,998.18,285.99,275.62,312.80,1,-1,-1,-1
204,24,823.62,316.58,351.56,284.73,1,-1,-1,-1
204,4,339.05,176.87,275.05,413.32,1,-1,-1,-1
205,29,1001.74,281.30,272.52,321.48,1,-1,-1,-1
205,4,335.58,183.09,236.63,414.30,1,-1,-1,-1
206,30,679.00,230.61,313.95,377.98,1,-1,-1,-1
206,29,985.97,274.27,225.31,326.00,1,-1,-1,-1
206,26,87.24,245.39,386.11,355.48,1,-1,-1,-1
206,4,282.11,210.24,197.67,385.23,1,-1,-1,-1
207,32,0.00,324.90,310.01,278.66,1,-1,-1,-1
207,30,676.68,340.90,429.53,267.90,1,-1,-1,-1
207,29,986.44,272.57,228.77,327.72,1,-1,-1,-1
207,26,58.76,221.92,409.00,375.47,1,-1,-1,-1
207,4,275.06,223.53,226.35,375.20,1,-1,-1,-1
208,32,-15.04,341.17,320.70,255.38,1,-1,-1,-1
208,30,686.63,296.25,358.60,321.27,1,-1,-1,-1
208,29,972.27,277.77,283.64,324.01,1,-1,-1,-1
208,28,421.29,367.47,409.17,242.36,1,-1,-1,-1
208,26,58.55,102.51,376.87,503.28,1,-1,-1,-1
208,4,224.70,272.50,299.56,330.56,1,-1,-1,-1
209,29,967.62,286.31,302.77,321.36,1,-1,-1,-1
209,28,422.97,360.75,401.54,250.92,1,-1,-1,-1
209,26,33.45,120.46,373.63,479.65,1,-1,-1,-1
209,24,753.47,246.45,384.50,360.64,1,-1,-1,-1
209,4,215.48,279.43,292.60,326.44,1,-1,-1,-1
210,29,980.32,318.76,284.67,287.56,1,-1,-1,-1
210,28,393.88,360.93,425.26,254.29,1,-1,-1,-1
210,26,53.38,195.97,339.79,409.68,1,-1,-1,-1
210,24,834.08,252.74,199.96,340.59,1,-1,-1,-1
210,4,205.87,282.17,286.98,323.11,1,-1,-1,-1
211,39,1162.19,0.00,117.50,595.01,1,-1,-1,-1
211,29,972.69,347.50,302.50,261.44,1,-1,-1,-1
211,26,49.22,138.64,253.09,435.00,1,-1,-1,-1
211,24,779.77,247.16,325.15,346.46,1,-1,-1,-1
211,5,456.16,305.17,292.95,300.36,1,-1,-1,-1
211,4,207.56,280.90,264.43,327.93,1,-1,-1,-1
212,39,1161.53,-7.92,116.77,604.21,1,-1,-1,-1
212,36,387.38,445.42,268.27,171.02,1,-1,-1,-1
212,30,672.94,304.46,282.93,300.73,1,-1,-1,-1
212,29,924.13,351.99,235.82,237.81,1,-1,-1,-1
212,26,28.25,272.18,269.47,328.53,1,-1,-1,-1
212,10,0.04,310.47,203.17,291.13,1,-1,-1,-1
212,5,460.73,293.39,300.61,314.29,1,-1,-1,-1
212,4,296.37,278.60,167.21,318.70,1,-1,-1,-1
213,38,663.18,310.24,221.87,294.42,1,-1,-1,-1
213,36,287.67,439.69,378.31,179.54,1,-1,-1,-1
213,35,396.86,305.23,275.64,301.42,1,-1,-1,-1
213,30,661.57,301.86,303.78,302.33,1,-1,-1,-1
213,29,932.31,348.21,222.92,246.73,1,-1,-1,-1
213,26,21.40,273.75,291.06,326.81,1,-1,-1,-1
213,10,0.30,309.75,203.77,292.32,1,-1,-1,-1
213,4,293.70,276.96,177.66,324.57,1,-1,-1,-1
214,38,670.57,297.00,208.57,325.61,1,-1,-1,-1
214,36,313.04,431.12,339.94,196.16,1,-1,-1,-1
214,35,394.05,298.68,258.01,317.19,1,-1,-1,-1
214,31,956.55,294.83,323.36,315.63,1,-1,-1,-1
214,30,613.63,297.72,347.75,309.26,1,-1,-1,-1
214,29,950.96,348.50,191.21,260.22,1,-1,-1,-1
214,26,0.00,296.55,280.39,310.89,1,-1,-1,-1
214,15,113.80,284.84,372.85,329.74,1,-1,-1,-1
214,10,-14.96,307.71,221.42,295.67,1,-1,-1,-1
214,4,279.64,277.00,329.33,330.49,1,-1,-1,-1
215,31,944.76,233.36,333.83,383.09,1,-1,-1,-1
215,30,615.59,305.18,335.02,302.31,1,-1,-1,-1
215,29,857.05,341.70,281.28,265.18,1,-1,-1,-1
215,26,0.00,308.58,263.22,297.21,1,-1,-1,-1
215,15,167.76,286.58,130.89,317.53,1,-1,-1,-1
215,4,288.66,276.80,253.66,332.86,1,-1,-1,-1
216,31,1150.20,336.22,129.63,267.84,1,-1,-1,-1
216,30,573.52,285.46,280.32,324.81,1,-1,-1,-1
216,29,907.09,339.47,222.68,269.61,1,-1,-1,-1
216,26,1.89,291.96,282.54,311.77,1,-1,-1,-1
216,15,109.37,285.00,278.59,323.51,1,-1,-1,-1
217,31,1152.02,329.81,127.98,276.16,1,-1,-1,-1
217,30,570.09,291.13,285.97,317.33,1,-1,-1,-1
217,29,908.63,339.30,216.13,269.82,1,-1,-1,-1
217,26,1.07,297.07,282.50,309.77,1,-1,-1,-1
217,5,524.93,364.64,203.94,242.79,1,-1,-1,-1
218,31,1099.08,326.17,231.95,270.92,1,-1,-1,-1
218,30,571.20,293.83,297.58,316.96,1,-1,-1,-1
218,29,870.19,338.22,230.86,271.79,1,-1,-1,-1
218,26,28.74,293.59,263.68,315.38,1,-1,-1,-1
218,5,458.10,385.54,209.93,221.21,1,-1,-1,-1
219,38,743.35,277.24,237.48,328.72,1,-1,-1,-1
219,30,547.87,300.74,286.30,312.38,1,-1,-1,-1
219,29,873.12,338.46,218.24,269.84,1,-1,-1,-1
219,26,37.15,294.15,251.83,313.58,1,-1,-1,-1
219,15,197.32,273.15,235.00,329.85,1,-1,-1,-1
219,5,437.76,387.89,156.09,219.58,1,-1,-1,-1
220,38,736.44,280.70,158.71,325.22,1,-1,-1,-1
220,30,532.31,308.26,274.59,300.60,1,-1,-1,-1
220,29,828.67,333.58,246.13,275.61,1,-1,-1,-1
220,26,3.34,296.43,303.51,310.92,1,-1,-1,-1
220,15,170.87,277.18,256.77,324.56,1,-1,-1,-1
220,5,422.20,395.43,173.27,214.94,1,-1,-1,-1
221,38,728.08,276.68,216.44,333.11,1,-1,-1,-1
221,30,515.20,307.87,306.70,307.41,1,-1,-1,-1
221,29,835.44,330.35,232.26,278.46,1,-1,-1,-1
221,26,71.20,298.70,259.82,300.95,1,-1,-1,-1
221,5,378.63,398.36,221.15,214.33,1,-1,-1,-1
222,30,519.59,305.23,239.61,307.53,1,-1,-1,-1
222,29,849.95,331.64,199.51,281.42,1,-1,-1,-1
222,26,42.88,296.58,276.16,314.27,1,-1,-1,-1
222,5,383.64,393.53,202.85,229.29,1,-1,-1,-1
223,35,302.01,279.83,183.10,308.00,1,-1,-1,-1
223,30,517.43,301.28,233.70,311.62,1,-1,-1,-1
223,29,799.71,330.08,233.81,280.90,1,-1,-1,-1
223,10,0.00,303.03,271.72,303.47,1,-1,-1,-1
224,35,314.56,283.70,167.42,309.15,1,-1,-1,-1
224,30,463.36,302.47,289.69,312.62,1,-1,-1,-1
224,29,771.82,280.33,238.65,327.60,1,-1,-1,-1
224,15,131.34,288.98,272.65,323.22,1,-1,-1,-1
224,10,0.00,304.57,212.53,300.76,1,-1,-1,-1
225,39,1176.01,0.00,103.95,607.98,1,-1,-1,-1
225,35,274.36,277.98,206.27,314.79,1,-1,-1,-1
225,30,460.69,299.95,294.65,317.61,1,-1,-1,-1
225,29,773.80,278.69,243.23,334.24,1,-1,-1,-1
225,25,652.21,362.23,225.57,249.63,1,-1,-1,-1
225,15,149.19,291.90,274.21,321.22,1,-1,-1,-1
225,10,0.00,307.05,169.49,302.49,1,-1,-1,-1
225,5,455.37,412.88,154.34,201.83,1,-1,-1,-1
226,39,1180.05,1.57,99.95,608.42,1,-1,-1,-1
226,34,600.26,346.34,180.32,262.79,1,-1,-1,-1
226,30,464.53,304.27,247.52,314.79,1,-1,-1,-1
226,29,764.59,416.78,187.57,197.62,1,-1,-1,-1
226,25,657.31,357.82,192.23,257.07,1,-1,-1,-1
226,10,0.00,306.06,126.42,296.96,1,-1,-1,-1
226,5,430.38,410.91,171.13,211.47,1,-1,-1,-1
226,4,288.36,281.31,254.12,322.88,1,-1,-1,-1
227,39,1187.69,31.52,92.31,578.80,1,-1,-1,-1
227,34,614.46,346.98,157.37,270.04,1,-1,-1,-1
227,30,435.81,303.01,301.04,313.04,1,-1,-1,-1
227,29,728.20,412.46,228.19,206.85,1,-1,-1,-1
227,26,102.56,297.16,214.86,315.63,1,-1,-1,-1
227,25,645.75,360.77,200.24,252.27,1,-1,-1,-1
227,10,0.00,312.00,183.06,289.52,1,-1,-1,-1
227,4,294.77,283.63,241.96,320.84,1,-1,-1,-1
228,39,1186.73,0.00,93.27,609.69,1,-1,-1,-1
228,34,599.23,339.88,174.69,285.31,1,-1,-1,-1
228,30,428.20,302.42,282.18,316.72,1,-1,-1,-1
228,29,717.26,387.19,228.92,254.64,1,-1,-1,-1
228,26,74.18,298.29,264.42,312.55,1,-1,-1,-1
228,24,938.18,431.60,162.62,179.38,1,-1,-1,-1
228,10,0.00,316.62,142.88,287.60,1,-1,-1,-1
229,39,1185.75,0.00,94.25,611.98,1,-1,-1,-1
229,26,33.10,300.02,318.62,312.52,1,-1,-1,-1
229,24,938.62,427.18,171.37,183.68,1,-1,-1,-1
229,10,-17.60,311.82,177.28,295.10,1,-1,-1,-1
229,9,32.32,312.46,198.89,296.10,1,-1,-1,-1
230,39,1189.65,0.00,90.35,611.21,1,-1,-1,-1
230,26,63.83,300.18,266.97,315.20,1,-1,-1,-1
230,25,611.55,319.10,273.54,295.80,1,-1,-1,-1
230,24,981.02,425.53,141.33,188.25,1,-1,-1,-1
230,9,38.26,315.36,199.38,291.34,1,-1,-1,-1
230,4,345.51,285.56,231.39,332.63,1,-1,-1,-1
231,39,1188.46,9.96,93.84,592.61,1,-1,-1,-1
231,30,504.41,331.77,289.15,292.41,1,-1,-1,-1
231,25,589.11,347.45,460.74,272.85,1,-1,-1,-1
231,24,986.65,427.12,132.54,188.35,1,-1,-1,-1
231,4,273.44,281.50,258.99,336.66,1,-1,-1,-1
232,30,512.19,379.72,190.38,242.36,1,-1,-1,-1
232,25,647.59,302.23,341.20,322.92,1,-1,-1,-1
232,24,986.23,429.91,146.08,185.87,1,-1,-1,-1
232,16,65.09,148.40,320.08,429.52,1,-1,-1,-1
232,10,0.01,306.35,164.35,310.15,1,-1,-1,-1
232,4,288.48,289.49,223.95,330.39,1,-1,-1,-1
233,30,488.74,362.88,230.67,273.51,1,-1,-1,-1
233,25,717.83,287.18,297.65,331.27,1,-1,-1,-1
233,24,1005.96,431.00,133.23,184.48,1,-1,-1,-1
233,16,97.00,181.89,278.95,392.01,1,-1,-1,-1
233,10,0.00,305.03,148.39,308.60,1,-1,-1,-1
233,4,267.56,289.88,247.35,333.16,1,-1,-1,-1
234,34,521.39,302.39,254.06,320.75,1,-1,-1,-1
234,25,707.10,284.31,295.29,336.81,1,-1,-1,-1
234,24,1037.07,430.72,136.77,189.78,1,-1,-1,-1
234,10,0.00,311.75,149.49,291.43,1,-1,-1,-1
234,4,191.93,284.18,344.87,335.22,1,-1,-1,-1
235,34,519.00,303.25,305.84,317.63,1,-1,-1,-1
235,25,741.96,285.42,261.24,330.87,1,-1,-1,-1
235,24,1044.73,429.36,148.40,191.32,1,-1,-1,-1
235,10,0.00,309.29,129.70,297.07,1,-1,-1,-1
235,4,183.51,287.07,353.75,334.28,1,-1,-1,-1
236,34,535.83,307.91,263.51,311.80,1,-1,-1,-1
236,25,721.70,289.89,302.04,318.24,1,-1,-1,-1
236,24,1072.84,426.60,119.01,198.06,1,-1,-1,-1
236,10,0.10,308.37,128.13,297.84,1,-1,-1,-1
236,4,211.98,287.75,294.25,334.12,1,-1,-1,-1
237,24,1081.91,424.65,104.78,206.75,1,-1,-1,-1
237,10,-11.31,309.82,145.67,295.57,1,-1,-1,-1
238,30,398.62,294.89,221.38,325.63,1,-1,-1,-1
238,29,692.92,370.77,182.00,251.34,1,-1,-1,-1
238,26,6.57,287.67,309.28,324.21,1,-1,-1,-1
238,24,1085.14,424.09,106.29,207.37,1,-1,-1,-1
238,15,144.40,298.12,284.54,317.02,1,-1,-1,-1
239,38,778.41,346.12,119.44,258.49,1,-1,-1,-1
239,30,399.02,303.64,231.40,309.78,1,-1,-1,-1
239,29,656.22,354.24,232.69,265.76,1,-1,-1,-1
239,26,98.44,288.73,236.19,318.80,1,-1,-1,-1
239,24,1099.72,425.69,118.70,192.07,1,-1,-1,-1
239,15,156.28,300.02,267.68,316.72,1,-1,-1,-1
240,38,780.10,324.80,123.31,281.78,1,-1,-1,-1
240,34,635.38,361.55,167.72,255.50,1,-1,-1,-1
240,29,652.44,367.10,247.25,253.41,1,-1,-1,-1
240,26,89.41,289.29,243.20,313.35,1,-1,-1,-1
240,24,1108.85,428.56,134.74,191.50,1,-1,-1,-1
240,4,281.18,282.51,239.64,327.77,1,-1,-1,-1
241,34,589.80,375.80,203.08,252.32,1,-1,-1,-1
241,29,555.65,374.94,332.84,246.47,1,-1,-1,-1
241,26,79.17,291.98,279.38,304.69,1,-1,-1,-1
241,24,1124.19,424.62,147.43,195.72,1,-1,-1,-1
241,4,266.60,291.17,346.45,326.77,1,-1,-1,-1
242,29,577.37,369.14,289.75,250.28,1,-1,-1,-1
242,26,64.36,306.93,246.24,303.62,1,-1,-1,-1
242,24,1132.22,419.87,143.40,216.98,1,-1,-1,-1
242,4,251.49,288.17,241.81,332.74,1,-1,-1,-1
243,29,606.99,365.29,272.25,256.20,1,-1,-1,-1
243,26,25.39,300.43,278.10,310.71,1,-1,-1,-1
243,24,1146.39,415.50,125.37,210.93,1,-1,-1,-1
243,4,181.86,284.19,310.00,339.37,1,-1,-1,-1
244,29,702.94,361.03,178.40,261.69,1,-1,-1,-1
244,26,17.64,301.94,192.26,307.09,1,-1,-1,-1
244,24,1153.32,417.50,125.06,202.99,1,-1,-1,-1
244,4,211.01,287.38,279.91,334.12,1,-1,-1,-1
245,40,318.20,325.23,188.18,292.07,1,-1,-1,-1
245,38,776.02,288.71,127.48,323.71,1,-1,-1,-1
245,30,288.71,283.40,221.18,335.99,1,-1,-1,-1
245,29,644.50,365.53,240.23,255.07,1,-1,-1,-1
245,26,11.67,307.43,202.63,304.46,1,-1,-1,-1
245,25,864.63,274.68,271.98,342.87,1,-1,-1,-1
245,24,1170.48,418.47,108.89,200.54,1,-1,-1,-1
246,40,338.09,326.48,162.88,281.82,1,-1,-1,-1
246,38,764.37,288.93,141.50,318.40,1,-1,-1,-1
246,30,286.68,286.97,218.56,325.26,1,-1,-1,-1
246,26,-4.90,305.12,236.16,308.33,1,-1,-1,-1
246,25,869.24,292.04,273.42,322.27,1,-1,-1,-1
246,24,1176.44,415.79,103.54,201.55,1,-1,-1,-1
246,15,10.26,293.43,384.97,322.84,1,-1,-1,-1
247,38,757.08,288.71,164.52,321.26,1,-1,-1,-1
247,24,1191.59,418.11,88.41,200.83,1,-1,-1,-1
247,15,24.30,284.90,358.58,333.67,1,-1,-1,-1
248,24,1198.67,421.35,81.21,195.82,1,-1,-1,-1
249,30,232.01,283.19,295.26,333.85,1,-1,-1,-1
249,24,1212.71,412.99,67.29,205.14,1,-1,-1,-1
250,45,959.50,420.47,133.05,202.23,1,-1,-1,-1
250,38,746.20,284.86,218.38,332.08,1,-1,-1,-1
250,34,525.45,367.03,158.87,254.51,1,-1,-1,-1
250,30,266.42,281.65,276.42,332.56,1,-1,-1,-1
250,24,1215.16,411.72,64.82,211.47,1,-1,-1,-1
251,45,948.62,418.84,151.97,201.27,1,-1,-1,-1
251,38,783.34,284.59,164.51,319.45,1,-1,-1,-1
251,34,480.50,360.66,294.29,258.83,1,-1,-1,-1
251,30,302.26,279.28,258.98,315.18,1,-1,-1,-1
251,24,1217.90,419.64,81.94,195.08,1,-1,-1,-1
252,38,788.88,283.73,160.08,323.59,1,-1,-1,-1
252,34,511.12,363.48,213.31,255.39,1,-1,-1,-1
252,30,301.88,275.14,288.81,325.08,1,-1,-1,-1
253,38,810.36,289.18,130.65,319.47,1,-1,-1,-1
253,35,143.49,165.34,185.55,286.49,1,-1,-1,-1
253,30,304.78,274.55,214.30,308.24,1,-1,-1,-1
253,29,573.64,361.02,272.43,262.71,1,-1,-1,-1
253,16,0.17,320.97,257.71,292.52,1,-1,-1,-1
254,45,1026.58,408.35,133.75,207.70,1,-1,-1,-1
254,38,809.99,284.10,130.92,327.63,1,-1,-1,-1
254,35,126.74,149.01,201.49,305.07,1,-1,-1,-1
254,30,302.45,275.60,215.81,313.97,1,-1,-1,-1
254,29,572.34,351.10,309.05,271.69,1,-1,-1,-1
254,16,0.25,318.60,246.44,298.04,1,-1,-1,-1
255,46,434.89,363.73,178.38,256.46,1,-1,-1,-1
255,45,1045.54,402.28,144.86,221.82,1,-1,-1,-1
255,38,799.52,284.81,156.63,325.31,1,-1,-1,-1
255,34,433.95,341.57,256.66,279.27,1,-1,-1,-1
255,30,297.33,275.80,216.39,314.42,1,-1,-1,-1
255,29,511.51,334.61,402.38,290.25,1,-1,-1,-1
255,16,0.00,316.05,257.20,303.22,1,-1,-1,-1
256,46,431.37,344.82,194.59,278.21,1,-1,-1,-1
256,45,1068.47,402.69,129.16,221.71,1,-1,-1,-1
256,34,426.42,333.64,258.17,290.78,1,-1,-1,-1
256,30,301.53,275.32,214.94,317.27,1,-1,-1,-1
256,29,544.97,344.11,329.94,275.19,1,-1,-1,-1
256,16,2.56,325.40,331.20,286.13,1,-1,-1,-1
257,46,424.52,331.19,159.91,288.05,1,-1,-1,-1
257,45,1101.77,399.92,124.18,219.75,1,-1,-1,-1
257,34,432.44,327.56,240.82,296.38,1,-1,-1,-1
257,30,284.50,270.97,233.05,320.43,1,-1,-1,-1
257,16,0.41,324.51,294.75,284.77,1,-1,-1,-1
258,46,404.67,332.18,190.72,289.26,1,-1,-1,-1
258,45,1117.81,397.03,132.45,224.06,1,-1,-1,-1
258,34,411.80,322.78,251.56,300.19,1,-1,-1,-1
258,16,3.46,323.03,289.56,296.80,1,-1,-1,-1
259,45,1146.01,391.96,131.87,231.95,1,-1,-1,-1
259,43,1029.58,457.11,142.26,164.84,1,-1,-1,-1
259,34,418.56,330.61,229.01,284.97,1,-1,-1,-1
259,26,0.27,321.38,135.72,293.19,1,-1,-1,-1
259,25,754.33,430.99,214.79,196.53,1,-1,-1,-1
260,45,1157.37,390.41,122.10,233.52,1,-1,-1,-1
260,43,958.52,436.60,219.66,187.02,1,-1,-1,-1
260,26,0.00,321.38,168.57,295.61,1,-1,-1,-1
260,25,734.37,403.34,234.96,252.35,1,-1,-1,-1
261,46,262.79,273.40,265.62,350.31,1,-1,-1,-1
261,45,1167.03,391.70,112.76,231.59,1,-1,-1,-1
261,43,995.69,455.47,180.42,163.33,1,-1,-1,-1
261,29,596.07,357.54,173.85,268.12,1,-1,-1,-1
261,26,0.00,318.27,187.71,301.78,1,-1,-1,-1
262,46,259.41,275.84,242.22,347.53,1,-1,-1,-1
262,45,1161.46,385.82,117.93,238.75,1,-1,-1,-1
262,29,592.97,356.97,181.50,274.55,1,-1,-1,-1
262,26,0.00,319.94,177.33,296.04,1,-1,-1,-1
263,46,224.57,286.15,273.98,337.10,1,-1,-1,-1
263,45,1095.93,456.93,175.88,168.23,1,-1,-1,-1
263,34,329.46,267.96,164.78,339.46,1,-1,-1,-1
263,29,575.07,357.16,197.69,267.60,1,-1,-1,-1
263,26,0.59,326.04,311.26,292.90,1,-1,-1,-1
263,25,823.23,406.88,181.74,219.88,1,-1,-1,-1
264,46,200.68,285.94,251.55,333.73,1,-1,-1,-1
264,45,1142.46,424.66,141.56,209.11,1,-1,-1,-1
264,38,590.38,298.61,389.95,325.03,1,-1,-1,-1
264,34,352.03,373.52,174.95,251.85,1,-1,-1,-1
264,29,572.12,353.20,197.12,272.50,1,-1,-1,-1
264,26,1.46,330.43,175.56,283.13,1,-1,-1,-1
264,25,843.24,407.30,170.65,218.04,1,-1,-1,-1
265,46,183.96,268.70,265.07,359.76,1,-1,-1,-1
265,38,592.80,298.87,360.58,323.18,1,-1,-1,-1
265,34,337.50,367.86,172.34,255.68,1,-1,-1,-1
265,29,563.10,349.66,205.50,276.42,1,-1,-1,-1
265,26,0.57,333.81,207.55,288.39,1,-1,-1,-1
265,25,867.77,404.43,149.15,223.61,1,-1,-1,-1
266,38,695.77,329.91,175.57,281.79,1,-1,-1,-1
266,34,338.61,367.10,166.90,256.56,1,-1,-1,-1
266,29,587.22,354.98,182.46,269.47,1,-1,-1,-1
266,26,2.46,332.66,202.95,289.65,1,-1,-1,-1
266,25,888.03,446.85,137.86,181.53,1,-1,-1,-1
266,15,2.07,333.18,142.93,277.84,1,-1,-1,-1
267,38,781.94,264.65,151.91,337.71,1,-1,-1,-1
267,34,339.71,370.83,157.82,253.50,1,-1,-1,-1
267,29,588.68,350.68,180.38,273.87,1,-1,-1,-1
267,25,899.39,407.65,159.37,225.20,1,-1,-1,-1
267,16,36.51,272.73,272.07,341.31,1,-1,-1,-1
267,15,3.08,332.61,155.79,278.77,1,-1,-1,-1
268,38,705.74,281.75,246.07,326.29,1,-1,-1,-1
268,34,334.44,372.95,162.68,251.69,1,-1,-1,-1
268,29,590.69,351.67,176.97,272.91,1,-1,-1,-1
268,25,916.04,409.18,150.31,219.47,1,-1,-1,-1
268,16,23.85,264.01,369.67,353.66,1,-1,-1,-1
268,15,2.19,330.72,171.76,283.03,1,-1,-1,-1
269,48,1016.09,430.05,105.39,197.22,1,-1,-1,-1
269,45,1190.84,458.45,88.89,171.22,1,-1,-1,-1
269,34,316.13,376.20,170.39,247.53,1,-1,-1,-1
269,29,590.83,354.24,177.44,269.16,1,-1,-1,-1
269,25,931.48,405.27,135.46,221.83,1,-1,-1,-1
269,16,38.81,273.23,326.94,335.31,1,-1,-1,-1
269,15,0.79,340.29,169.50,276.45,1,-1,-1,-1
270,48,1016.43,428.67,107.62,198.88,1,-1,-1,-1
270,45,1201.46,454.97,78.54,179.63,1,-1,-1,-1
270,34,308.49,370.80,177.06,253.20,1,-1,-1,-1
270,29,587.36,353.04,180.99,272.81,1,-1,-1,-1
270,25,930.50,400.56,142.76,227.64,1,-1,-1,-1
270,15,0.00,358.86,168.63,259.95,1,-1,-1,-1
271,48,1010.62,427.40,123.05,201.00,1,-1,-1,-1
271,45,1220.34,423.22,59.64,201.93,1,-1,-1,-1
271,34,302.69,372.46,179.14,251.59,1,-1,-1,-1
271,29,583.06,353.15,184.00,271.60,1,-1,-1,-1
271,25,934.19,403.48,132.44,227.02,1,-1,-1,-1
271,15,0.00,247.46,164.52,371.75,1,-1,-1,-1
272,48,1015.69,429.28,110.22,198.13,1,-1,-1,-1
272,45,1213.48,443.43,87.96,177.87,1,-1,-1,-1
272,34,300.45,372.39,185.09,250.20,1,-1,-1,-1
272,25,935.68,404.39,135.78,225.17,1,-1,-1,-1
272,15,0.00,243.91,165.49,375.57,1,-1,-1,-1
273,48,1007.48,424.75,135.64,203.19,1,-1,-1,-1
273,34,290.66,372.46,200.97,248.36,1,-1,-1,-1
273,30,315.05,250.93,168.21,161.84,1,-1,-1,-1
273,26,44.60,350.77,168.72,266.72,1,-1,-1,-1
273,25,938.42,398.26,151.97,231.58,1,-1,-1,-1
273,15,0.00,234.16,166.30,390.74,1,-1,-1,-1
274,48,1022.61,430.31,125.81,196.21,1,-1,-1,-1
274,34,311.36,372.82,184.21,245.80,1,-1,-1,-1
274,30,308.52,250.61,174.38,160.87,1,-1,-1,-1
274,29,569.64,347.15,190.87,232.95,1,-1,-1,-1
274,26,50.87,348.19,169.51,269.44,1,-1,-1,-1
274,25,939.32,398.20,159.46,232.22,1,-1,-1,-1
274,15,0.00,375.61,178.41,244.97,1,-1,-1,-1
275,48,1032.43,431.68,134.60,194.78,1,-1,-1,-1
275,38,774.28,298.32,166.13,225.85,1,-1,-1,-1
275,34,257.83,373.74,230.61,250.32,1,-1,-1,-1
275,30,307.27,248.02,177.03,168.53,1,-1,-1,-1
275,29,599.27,348.79,167.30,218.94,1,-1,-1,-1
275,26,48.17,350.78,170.90,263.66,1,-1,-1,-1
275,25,930.87,395.15,177.85,235.40,1,-1,-1,-1
275,15,-2.75,322.55,172.58,304.55,1,-1,-1,-1
276,49,581.61,461.87,107.30,163.58,1,-1,-1,-1
276,48,1040.22,429.66,131.25,198.33,1,-1,-1,-1
276,44,718.44,291.92,222.51,311.71,1,-1,-1,-1
276,38,760.32,300.96,182.36,229.69,1,-1,-1,-1
276,34,257.36,372.24,226.98,250.19,1,-1,-1,-1
276,30,306.45,248.56,178.21,165.58,1,-1,-1,-1
276,29,598.02,345.56,169.61,244.84,1,-1,-1,-1
276,26,31.56,349.65,171.10,263.85,1,-1,-1,-1
276,25,949.53,396.68,164.65,232.39,1,-1,-1,-1
276,4,0.00,382.30,188.21,231.21,1,-1,-1,-1
277,49,583.98,456.47,106.93,167.83,1,-1,-1,-1
277,48,1037.16,425.46,135.10,200.79,1,-1,-1,-1
277,44,719.43,299.34,228.60,311.95,1,-1,-1,-1
277,38,763.91,303.83,183.75,272.35,1,-1,-1,-1
277,34,310.88,373.16,154.17,246.17,1,-1,-1,-1
277,30,307.14,241.80,175.16,172.77,1,-1,-1,-1
277,29,605.88,342.05,165.22,267.45,1,-1,-1,-1
277,26,48.96,347.74,165.80,263.39,1,-1,-1,-1
277,25,964.60,392.73,151.69,234.98,1,-1,-1,-1
277,4,0.11,388.95,187.84,226.37,1,-1,-1,-1
278,49,581.78,449.46,106.07,174.55,1,-1,-1,-1
278,48,1053.58,435.15,132.72,191.04,1,-1,-1,-1
278,44,723.46,299.60,226.34,312.81,1,-1,-1,-1
278,38,767.04,302.02,181.97,265.76,1,-1,-1,-1
278,34,296.84,373.04,169.57,246.52,1,-1,-1,-1
278,30,312.37,245.09,172.86,173.42,1,-1,-1,-1
278,29,604.65,348.38,168.02,264.02,1,-1,-1,-1
278,26,49.25,346.39,147.01,265.24,1,-1,-1,-1
278,25,969.36,391.29,148.16,237.30,1,-1,-1,-1
278,4,0.00,385.82,185.90,223.21,1,-1,-1,-1
279,50,718.29,321.07,140.04,261.37,1,-1,-1,-1
279,49,578.47,451.09,110.43,168.88,1,-1,-1,-1
279,48,1044.13,425.95,152.34,196.95,1,-1,-1,-1
279,44,725.51,295.47,226.28,317.36,1,-1,-1,-1
279,40,232.29,388.06,164.51,230.14,1,-1,-1,-1
279,38,764.67,300.30,180.95,269.25,1,-1,-1,-1
279,34,307.70,374.93,153.02,242.71,1,-1,-1,-1
279,30,308.39,237.67,171.65,165.45,1,-1,-1,-1
279,29,587.09,347.61,186.91,274.75,1,-1,-1,-1
279,26,55.64,342.90,157.35,267.63,1,-1,-1,-1
279,25,973.84,390.62,151.99,234.54,1,-1,-1,-1
279,4,0.12,387.34,186.40,223.69,1,-1,-1,-1
280,50,720.03,319.28,142.85,262.27,1,-1,-1,-1
280,48,1049.18,427.35,132.02,195.69,1,-1,-1,-1
280,40,226.78,384.78,170.56,230.70,1,-1,-1,-1
280,38,766.37,301.00,182.23,265.77,1,-1,-1,-1
280,34,308.73,374.09,165.76,243.62,1,-1,-1,-1
280,30,315.95,233.88,164.99,165.25,1,-1,-1,-1
280,29,586.19,349.88,189.68,272.46,1,-1,-1,-1
280,26,53.44,341.38,153.50,269.69,1,-1,-1,-1
280,25,986.10,390.31,137.79,237.65,1,-1,-1,-1
280,4,0.22,381.07,184.61,228.36,1,-1,-1,-1
281,50,720.96,315.76,141.86,252.41,1,-1,-1,-1
281,48,1038.73,425.67,131.58,196.79,1,-1,-1,-1
281,40,221.01,382.71,181.16,235.40,1,-1,-1,-1
281,38,785.82,303.37,160.95,222.75,1,-1,-1,-1
281,34,310.90,373.51,168.61,239.95,1,-1,-1,-1
281,30,311.09,236.67,170.59,153.39,1,-1,-1,-1
281,29,577.08,343.76,204.37,280.72,1,-1,-1,-1
281,26,11.73,341.72,263.30,271.38,1,-1,-1,-1
281,25,995.08,389.30,136.96,239.81,1,-1,-1,-1
281,24,1110.14,430.81,158.37,193.40,1,-1,-1,-1
281,4,0.00,372.45,190.28,236.82,1,-1,-1,-1
282,50,733.81,315.07,130.88,224.94,1,-1,-1,-1
282,48,1041.13,424.10,137.43,199.01,1,-1,-1,-1
282,40,213.77,387.99,186.31,231.48,1,-1,-1,-1
282,38,793.60,302.55,155.18,207.26,1,-1,-1,-1
282,34,311.64,373.89,168.58,246.02,1,-1,-1,-1
282,30,317.59,237.62,165.65,155.43,1,-1,-1,-1
282,29,590.49,344.16,187.70,279.00,1,-1,-1,-1
282,26,12.48,341.14,264.18,271.91,1,-1,-1,-1
282,25,995.80,392.36,154.61,237.37,1,-1,-1,-1
282,24,1117.58,431.64,155.70,195.80,1,-1,-1,-1
282,4,-2.39,378.69,184.21,227.17,1,-1,-1,-1
283,50,735.55,316.38,134.72,253.75,1,-1,-1,-1
283,48,1044.86,421.67,138.92,203.11,1,-1,-1,-1
283,40,205.86,387.32,189.63,231.66,1,-1,-1,-1
283,38,785.72,290.97,170.17,236.75,1,-1,-1,-1
283,34,314.17,377.47,142.75,242.60,1,-1,-1,-1
283,30,313.14,234.92,170.59,164.48,1,-1,-1,-1
283,29,570.08,336.33,212.07,287.89,1,-1,-1,-1
283,26,23.69,341.99,187.35,274.15,1,-1,-1,-1
283,25,998.69,393.54,145.17,234.92,1,-1,-1,-1
283,24,1133.23,430.95,142.56,198.41,1,-1,-1,-1
284,50,736.45,314.71,133.23,241.76,1,-1,-1,-1
284,40,195.64,386.11,200.99,233.13,1,-1,-1,-1
284,34,310.13,376.07,147.15,243.57,1,-1,-1,-1
284,30,307.54,229.44,178.81,179.05,1,-1,-1,-1
284,29,561.99,340.83,221.12,284.00,1,-1,-1,-1
284,26,9.53,336.92,299.82,278.69,1,-1,-1,-1
284,25,997.45,392.20,157.85,235.60,1,-1,-1,-1
284,24,1134.92,430.57,143.98,199.67,1,-1,-1,-1
284,10,0.33,388.01,116.24,217.64,1,-1,-1,-1
285,49,548.19,407.08,164.36,214.17,1,-1,-1,-1
285,40,182.48,383.21,197.71,233.36,1,-1,-1,-1
285,34,311.50,372.62,122.85,246.10,1,-1,-1,-1
285,30,304.34,225.48,183.59,184.58,1,-1,-1,-1
285,29,564.92,335.03,217.89,288.28,1,-1,-1,-1
285,26,34.97,335.98,269.28,277.56,1,-1,-1,-1
285,25,998.43,391.88,162.31,235.86,1,-1,-1,-1
285,24,1077.04,427.15,202.96,203.50,1,-1,-1,-1
285,10,0.14,397.25,114.88,208.12,1,-1,-1,-1
286,49,549.87,412.97,166.73,206.12,1,-1,-1,-1
286,40,175.39,378.32,212.46,236.07,1,-1,-1,-1
286,34,311.46,372.45,111.09,245.18,1,-1,-1,-1
286,30,309.25,229.08,173.63,169.86,1,-1,-1,-1
286,29,584.33,339.00,190.70,277.24,1,-1,-1,-1
286,26,26.60,333.70,275.88,281.42,1,-1,-1,-1
286,25,986.60,390.21,187.13,238.48,1,-1,-1,-1
286,24,1075.63,426.38,204.37,204.10,1,-1,-1,-1
286,10,0.19,397.44,111.44,208.56,1,-1,-1,-1
287,52,862.31,245.12,95.49,178.38,1,-1,-1,-1
287,49,553.20,415.98,152.64,203.96,1,-1,-1,-1
287,40,194.16,378.47,207.04,235.75,1,-1,-1,-1
287,34,316.85,370.72,107.01,242.39,1,-1,-1,-1
287,29,597.70,337.63,182.48,273.31,1,-1,-1,-1
287,26,52.24,331.94,247.78,281.43,1,-1,-1,-1
287,25,1003.50,390.47,169.90,234.51,1,-1,-1,-1
287,24,1066.86,424.45,213.14,203.19,1,-1,-1,-1
287,10,0.00,398.44,132.27,207.18,1,-1,-1,-1
288,52,863.45,244.79,94.02,173.33,1,-1,-1,-1
288,49,554.20,422.34,136.37,195.40,1,-1,-1,-1
288,40,198.47,381.72,205.54,231.23,1,-1,-1,-1
288,34,308.29,368.19,121.63,245.17,1,-1,-1,-1
288,29,604.90,334.20,174.25,280.00,1,-1,-1,-1
288,26,51.98,328.50,247.41,282.12,1,-1,-1,-1
288,25,1003.94,390.27,163.29,235.10,1,-1,-1,-1
288,24,1076.31,425.35,203.03,204.82,1,-1,-1,-1
288,10,0.00,396.62,132.60,206.21,1,-1,-1,-1
289,52,864.13,244.15,94.92,176.81,1,-1,-1,-1
289,49,556.12,427.21,153.01,191.94,1,-1,-1,-1
289,40,191.86,377.00,204.51,239.39,1,-1,-1,-1
289,34,303.65,363.42,121.83,251.41,1,-1,-1,-1
289,29,591.30,328.49,189.31,288.28,1,-1,-1,-1
289,26,37.18,321.93,263.12,289.66,1,-1,-1,-1
289,25,1005.36,388.54,159.27,235.31,1,-1,-1,-1
289,24,1077.11,426.52,202.10,202.19,1,-1,-1,-1
289,10,0.00,390.54,128.27,211.42,1,-1,-1,-1
290,52,867.07,241.92,91.36,177.49,1,-1,-1,-1
290,49,555.17,426.18,134.71,193.26,1,-1,-1,-1
290,34,305.04,363.01,118.98,251.49,1,-1,-1,-1
290,29,610.69,324.55,166.44,290.06,1,-1,-1,-1
290,26,42.41,321.42,260.29,290.06,1,-1,-1,-1
290,25,1006.54,388.59,158.57,235.80,1,-1,-1,-1
290,24,1173.50,427.47,106.33,198.52,1,-1,-1,-1
290,10,0.00,394.63,127.25,208.03,1,-1,-1,-1
291,52,865.53,239.29,98.44,189.44,1,-1,-1,-1
291,49,536.20,426.78,181.95,191.94,1,-1,-1,-1
291,34,291.73,363.96,132.83,250.99,1,-1,-1,-1
291,29,614.15,321.94,157.23,286.39,1,-1,-1,-1
291,26,34.84,322.06,268.74,291.13,1,-1,-1,-1
291,25,1009.48,391.03,176.01,237.59,1,-1,-1,-1
291,24,1139.63,426.64,138.99,199.79,1,-1,-1,-1
291,10,0.00,393.47,133.84,209.94,1,-1,-1,-1
292,52,859.71,237.65,106.24,228.13,1,-1,-1,-1
292,50,738.90,311.15,157.43,277.53,1,-1,-1,-1
292,49,529.21,420.21,193.53,198.18,1,-1,-1,-1
292,34,294.64,361.61,131.46,252.89,1,-1,-1,-1
292,29,615.62,322.52,159.51,280.73,1,-1,-1,-1
292,26,42.08,321.94,256.14,291.80,1,-1,-1,-1
292,25,1005.73,389.29,180.49,237.62,1,-1,-1,-1
292,24,1137.34,422.54,140.95,203.75,1,-1,-1,-1
292,10,0.03,394.19,136.67,211.16,1,-1,-1,-1
293,52,863.17,245.36,103.22,202.49,1,-1,-1,-1
293,50,728.24,308.28,158.75,281.57,1,-1,-1,-1
293,49,535.12,413.61,181.90,205.57,1,-1,-1,-1
293,34,274.26,356.01,154.14,259.41,1,-1,-1,-1
293,29,608.22,314.63,163.10,301.31,1,-1,-1,-1
293,26,22.34,318.85,287.57,293.97,1,-1,-1,-1
293,25,1009.76,382.90,182.44,244.76,1,-1,-1,-1
293,24,1133.97,424.84,154.48,200.06,1,-1,-1,-1
293,10,0.34,395.14,126.89,211.28,1,-1,-1,-1
294,50,727.94,304.27,160.49,278.96,1,-1,-1,-1
294,49,518.65,403.39,211.91,212.80,1,-1,-1,-1
294,45,1222.41,419.15,57.59,205.31,1,-1,-1,-1
294,34,284.06,362.81,131.54,246.13,1,-1,-1,-1
294,29,607.72,315.36,171.20,296.87,1,-1,-1,-1
294,26,41.56,320.62,255.75,291.95,1,-1,-1,-1
294,25,1012.57,380.70,164.52,247.21,1,-1,-1,-1
294,10,0.37,392.58,131.94,214.15,1,-1,-1,-1
295,50,731.77,306.58,157.34,277.46,1,-1,-1,-1
295,49,528.20,403.22,191.81,214.60,1,-1,-1,-1
295,45,1232.63,410.79,47.37,214.79,1,-1,-1,-1
295,44,699.15,362.30,432.03,253.88,1,-1,-1,-1
295,29,508.43,309.46,285.53,305.92,1,-1,-1,-1
295,26,11.55,311.20,288.27,300.00,1,-1,-1,-1
295,25,1008.82,373.40,182.09,252.59,1,-1,-1,-1
295,10,0.24,387.55,148.61,221.12,1,-1,-1,-1
296,45,1226.30,420.50,58.29,196.39,1,-1,-1,-1
296,44,737.40,362.42,376.01,258.06,1,-1,-1,-1
296,29,502.52,309.33,261.48,303.03,1,-1,-1,-1
296,26,3.25,310.67,281.36,303.10,1,-1,-1,-1
296,25,941.56,370.13,263.75,256.18,1,-1,-1,-1
296,10,0.35,387.31,122.26,220.69,1,-1,-1,-1
297,54,349.20,340.06,325.64,269.39,1,-1,-1,-1
297,36,596.27,331.75,200.54,282.07,1,-1,-1,-1
297,29,493.85,312.46,255.08,295.09,1,-1,-1,-1
297,26,0.87,310.22,294.65,301.26,1,-1,-1,-1
297,25,1026.17,377.09,155.47,247.21,1,-1,-1,-1
297,10,0.48,383.84,125.95,222.35,1,-1,-1,-1
298,54,339.32,335.33,348.80,264.26,1,-1,-1,-1
298,36,597.78,324.66,203.99,293.80,1,-1,-1,-1
298,29,508.71,309.53,228.79,298.76,1,-1,-1,-1
298,26,0.54,311.39,273.46,302.53,1,-1,-1,-1
298,25,1034.26,376.76,187.11,249.65,1,-1,-1,-1
298,10,0.63,381.93,128.54,225.84,1,-1,-1,-1
299,36,590.55,322.82,213.80,295.30,1,-1,-1,-1
299,26,1.80,311.99,239.47,303.61,1,-1,-1,-1
299,25,1038.22,386.46,211.77,249.70,1,-1,-1,-1
299,10,0.66,387.16,127.76,216.36,1,-1,-1,-1
300,36,592.55,323.47,213.89,313.21,1,-1,-1,-1
300,26,0.03,316.44,235.07,298.85,1,-1,-1,-1
300,25,1042.84,391.36,232.66,245.07,1,-1,-1,-1
301,36,596.39,327.64,211.97,297.90,1,-1,-1,-1
301,29,575.61,291.07,224.02,343.69,1,-1,-1,-1
301,26,0.30,318.44,239.95,299.76,1,-1,-1,-1
301,25,1055.13,401.00,222.77,239.40,1,-1,-1,-1
302,29,580.61,300.35,239.87,327.90,1,-1,-1,-1
302,26,0.45,324.98,236.26,294.34,1,-1,-1,-1
302,25,1066.72,396.46,208.67,244.71,1,-1,-1,-1
