1,10,881.90,438.04,189.23,448.16,1,-1,-1,-1
1,9,679.20,407.15,260.66,494.41,1,-1,-1,-1
1,8,1025.96,486.27,180.66,352.01,1,-1,-1,-1
1,7,1018.19,484.10,164.29,355.34,1,-1,-1,-1
1,6,1265.12,412.27,202.86,451.46,1,-1,-1,-1
1,5,1197.33,320.11,271.33,546.30,1,-1,-1,-1
1,4,1142.58,329.39,193.30,589.60,1,-1,-1,-1
1,3,679.68,417.79,251.32,480.88,1,-1,-1,-1
1,2,562.93,386.13,207.57,467.32,1,-1,-1,-1
1,1,801.34,385.18,276.91,551.78,1,-1,-1,-1
2,10,901.66,438.91,160.67,413.83,1,-1,-1,-1
2,9,669.37,385.02,273.39,515.63,1,-1,-1,-1
2,8,1025.96,486.27,180.66,352.01,1,-1,-1,-1
2,7,1013.25,484.18,178.34,355.80,1,-1,-1,-1
2,6,1260.02,378.73,205.30,488.26,1,-1,-1,-1
2,5,1188.71,314.43,282.85,556.63,1,-1,-1,-1
2,4,1145.19,339.21,188.28,579.38,1,-1,-1,-1
2,3,666.95,416.22,210.05,479.20,1,-1,-1,-1
2,2,584.33,395.02,185.99,456.48,1,-1,-1,-1
2,1,781.28,347.28,290.67,588.57,1,-1,-1,-1
3,10,892.87,439.33,174.65,426.97,1,-1,-1,-1
3,9,660.37,362.35,284.46,537.95,1,-1,-1,-1
3,7,1012.88,487.15,189.91,351.77,1,-1,-1,-1
3,6,1282.00,422.30,201.13,445.89,1,-1,-1,-1
3,5,1182.57,304.36,289.42,575.74,1,-1,-1,-1
3,4,1113.31,317.91,253.59,602.55,1,-1,-1,-1
3,3,659.32,404.70,205.90,491.23,1,-1,-1,-1
3,2,589.47,389.63,182.96,460.03,1,-1,-1,-1
3,1,771.23,374.39,302.81,561.69,1,-1,-1,-1
4,10,876.76,443.46,191.45,441.60,1,-1,-1,-1
4,6,1288.29,341.24,227.07,531.00,1,-1,-1,-1
4,4,1110.54,369.01,260.38,550.41,1,-1,-1,-1
4,3,658.94,417.58,207.37,479.92,1,-1,-1,-1
4,2,582.21,385.41,170.42,465.43,1,-1,-1,-1
4,1,732.82,389.25,338.78,546.05,1,-1,-1,-1
5,10,879.19,449.85,181.90,438.18,1,-1,-1,-1
5,6,1289.78,350.92,262.19,526.48,1,-1,-1,-1
5,4,1132.13,367.25,238.80,556.30,1,-1,-1,-1
5,3,646.64,436.50,216.95,458.66,1,-1,-1,-1
5,2,590.57,441.75,160.17,411.73,1,-1,-1,-1
5,1,682.95,402.75,324.35,504.06,1,-1,-1,-1
6,8,1018.36,495.50,155.84,348.33,1,-1,-1,-1
6,6,1295.21,351.91,269.65,528.07,1,-1,-1,-1
6,4,1131.67,363.54,250.19,564.37,1,-1,-1,-1
6,3,644.16,438.56,209.87,456.25,1,-1,-1,-1
6,2,580.67,382.06,167.59,476.14,1,-1,-1,-1
6,1,741.38,403.11,326.64,538.92,1,-1,-1,-1
7,11,938.36,464.03,152.37,364.58,1,-1,-1,-1
7,8,1020.47,498.01,148.36,347.92,1,-1,-1,-1
7,6,1294.48,338.19,264.65,545.79,1,-1,-1,-1
7,4,1118.23,319.91,259.21,609.82,1,-1,-1,-1
7,3,637.32,426.94,195.21,457.42,1,-1,-1,-1
7,2,563.01,374.49,180.21,488.30,1,-1,-1,-1
7,1,765.10,402.44,296.38,543.75,1,-1,-1,-1
8,11,930.85,474.49,154.04,363.48,1,-1,-1,-1
8,8,1020.82,496.50,158.40,355.23,1,-1,-1,-1
8,6,1283.25,331.08,326.59,553.47,1,-1,-1,-1
8,4,1118.46,317.00,259.33,614.22,1,-1,-1,-1
8,3,631.04,441.82,196.14,437.40,1,-1,-1,-1
8,2,571.03,390.60,175.61,472.92,1,-1,-1,-1
8,1,777.76,408.83,284.65,540.08,1,-1,-1,-1
9,11,929.81,514.09,155.69,347.86,1,-1,-1,-1
9,9,660.80,421.45,256.03,481.53,1,-1,-1,-1
9,8,1005.42,499.92,170.57,356.17,1,-1,-1,-1
9,6,1319.40,389.95,272.22,499.69,1,-1,-1,-1
9,4,1118.72,363.01,259.26,568.16,1,-1,-1,-1
9,2,568.62,368.31,186.73,500.49,1,-1,-1,-1
9,1,772.84,407.34,296.46,542.26,1,-1,-1,-1
10,11,948.10,518.45,158.51,348.29,1,-1,-1,-1
10,9,662.81,427.02,243.01,476.27,1,-1,-1,-1
10,8,1015.64,502.15,171.22,357.27,1,-1,-1,-1
10,6,1329.20,387.93,269.47,502.22,1,-1,-1,-1
10,4,1109.26,386.01,265.85,545.70,1,-1,-1,-1
10,2,567.74,383.42,178.31,474.18,1,-1,-1,-1
10,1,790.24,417.94,281.61,535.28,1,-1,-1,-1
11,11,920.04,485.21,176.72,388.28,1,-1,-1,-1
11,9,665.47,430.18,253.94,472.98,1,-1,-1,-1
11,8,1015.38,502.64,163.93,352.91,1,-1,-1,-1
11,6,1339.16,385.65,252.29,503.75,1,-1,-1,-1
11,4,1096.27,389.83,278.44,545.87,1,-1,-1,-1
11,1,788.90,425.90,260.32,524.68,1,-1,-1,-1
12,11,954.56,528.61,139.06,311.36,1,-1,-1,-1
12,9,664.91,426.79,254.69,477.71,1,-1,-1,-1
12,8,1017.77,503.29,168.63,357.20,1,-1,-1,-1
12,6,1361.93,407.48,225.32,480.85,1,-1,-1,-1
12,5,1233.60,521.64,147.33,275.10,1,-1,-1,-1
12,4,1113.59,406.69,260.96,524.68,1,-1,-1,-1
12,3,585.50,473.07,168.94,386.12,1,-1,-1,-1
12,1,792.68,430.61,229.44,522.46,1,-1,-1,-1
13,10,893.17,505.56,177.34,367.86,1,-1,-1,-1
13,9,665.18,431.64,246.51,474.38,1,-1,-1,-1
13,8,1015.35,507.85,162.94,351.15,1,-1,-1,-1
13,6,1354.40,384.02,264.92,526.21,1,-1,-1,-1
13,5,1245.64,523.99,138.67,270.85,1,-1,-1,-1
13,4,1109.58,411.69,262.98,520.39,1,-1,-1,-1
13,3,586.30,477.47,162.03,387.24,1,-1,-1,-1
13,1,793.04,435.98,215.00,517.34,1,-1,-1,-1
14,10,892.72,511.80,175.08,364.45,1,-1,-1,-1
14,9,658.52,433.16,233.16,474.58,1,-1,-1,-1
14,8,993.35,501.42,186.54,364.32,1,-1,-1,-1
14,5,1236.29,516.60,179.21,326.07,1,-1,-1,-1
14,4,1104.66,314.29,268.46,619.16,1,-1,-1,-1
14,3,574.78,478.44,174.49,384.44,1,-1,-1,-1
14,2,656.46,440.07,181.36,462.87,1,-1,-1,-1
14,1,793.16,439.81,204.63,513.54,1,-1,-1,-1
15,13,1380.43,441.74,215.59,438.84,1,-1,-1,-1
15,10,897.00,514.88,166.39,360.78,1,-1,-1,-1
15,9,656.59,439.57,240.72,466.32,1,-1,-1,-1
15,8,1012.80,504.21,167.09,361.81,1,-1,-1,-1
15,5,1238.06,518.18,158.13,279.37,1,-1,-1,-1
15,4,1114.58,420.66,257.05,508.53,1,-1,-1,-1
15,3,586.11,492.65,156.39,365.97,1,-1,-1,-1
15,2,655.17,465.53,193.45,436.33,1,-1,-1,-1
15,1,795.22,436.49,200.59,514.18,1,-1,-1,-1
16,13,1384.45,437.90,226.12,446.12,1,-1,-1,-1
16,10,920.22,523.07,160.85,349.90,1,-1,-1,-1
16,8,1011.08,505.77,189.26,362.30,1,-1,-1,-1
16,5,1225.54,513.93,187.64,322.69,1,-1,-1,-1
16,4,1116.68,422.89,253.86,509.02,1,-1,-1,-1
16,3,596.75,493.57,153.00,365.02,1,-1,-1,-1
16,2,645.34,493.22,182.87,403.56,1,-1,-1,-1
16,1,790.54,439.19,211.14,511.17,1,-1,-1,-1
17,13,1387.08,456.20,229.89,426.87,1,-1,-1,-1
17,10,895.68,523.63,179.65,351.61,1,-1,-1,-1
17,8,1009.09,505.62,192.29,358.84,1,-1,-1,-1
17,5,1243.58,511.61,157.02,319.30,1,-1,-1,-1
17,4,1118.51,422.76,252.61,509.49,1,-1,-1,-1
17,3,592.29,493.97,155.02,370.59,1,-1,-1,-1
17,2,632.95,488.44,190.55,417.13,1,-1,-1,-1
17,1,788.56,437.35,200.00,514.03,1,-1,-1,-1
18,13,1390.58,460.83,233.37,423.38,1,-1,-1,-1
18,10,884.87,525.47,178.25,350.63,1,-1,-1,-1
18,9,690.75,458.72,225.22,449.35,1,-1,-1,-1
18,8,1012.81,505.87,181.27,354.99,1,-1,-1,-1
18,5,1311.69,510.54,125.42,267.93,1,-1,-1,-1
18,4,1119.26,431.14,253.58,498.94,1,-1,-1,-1
18,3,595.75,494.79,153.68,373.46,1,-1,-1,-1
18,2,602.74,487.49,210.00,418.59,1,-1,-1,-1
18,1,790.11,437.75,197.64,514.80,1,-1,-1,-1
19,13,1392.40,461.07,228.18,425.53,1,-1,-1,-1
19,10,863.39,523.31,206.06,388.76,1,-1,-1,-1
19,9,708.24,461.67,207.76,443.72,1,-1,-1,-1
19,8,1029.67,506.14,160.87,356.43,1,-1,-1,-1
19,5,1303.51,550.47,111.02,215.64,1,-1,-1,-1
19,4,1121.19,432.53,247.24,496.85,1,-1,-1,-1
19,3,590.75,513.84,143.78,338.31,1,-1,-1,-1
19,2,594.73,491.57,212.81,417.15,1,-1,-1,-1
19,1,799.19,440.99,201.08,513.97,1,-1,-1,-1
20,13,1394.57,464.98,233.34,418.36,1,-1,-1,-1
20,10,867.51,522.31,222.86,447.79,1,-1,-1,-1
20,9,729.86,497.84,178.63,405.60,1,-1,-1,-1
20,8,1019.56,504.60,170.78,352.82,1,-1,-1,-1
20,4,1119.40,434.61,251.84,498.88,1,-1,-1,-1
20,2,589.41,485.42,207.53,426.07,1,-1,-1,-1
20,1,792.84,439.94,221.92,516.85,1,-1,-1,-1
21,13,1391.96,468.31,241.72,414.54,1,-1,-1,-1
21,10,849.49,518.79,261.18,476.78,1,-1,-1,-1
21,9,716.60,488.52,202.49,421.28,1,-1,-1,-1
21,8,1018.20,502.72,175.65,362.22,1,-1,-1,-1
21,4,1117.97,434.45,256.20,499.80,1,-1,-1,-1
21,2,588.35,481.12,212.91,434.93,1,-1,-1,-1
21,1,777.34,439.65,235.61,517.06,1,-1,-1,-1
22,13,1388.55,470.95,234.76,413.76,1,-1,-1,-1
22,10,865.27,518.77,215.17,383.03,1,-1,-1,-1
22,8,1019.16,504.73,172.09,357.83,1,-1,-1,-1
22,5,1291.36,510.98,142.27,325.44,1,-1,-1,-1
22,4,1120.54,433.93,268.71,500.64,1,-1,-1,-1
22,2,585.92,481.89,209.83,437.46,1,-1,-1,-1
22,1,722.26,440.19,270.90,485.27,1,-1,-1,-1
23,14,788.00,438.11,382.49,610.32,1,-1,-1,-1
23,13,1376.73,473.52,239.81,411.50,1,-1,-1,-1
23,10,893.16,516.62,191.58,372.06,1,-1,-1,-1
23,8,1019.98,503.27,172.93,356.93,1,-1,-1,-1
23,5,1289.74,512.85,147.12,336.95,1,-1,-1,-1
23,4,1120.91,430.46,293.58,504.97,1,-1,-1,-1
23,2,582.71,479.28,209.66,444.37,1,-1,-1,-1
23,1,725.11,439.27,263.07,484.89,1,-1,-1,-1
24,14,784.12,433.20,388.94,598.10,1,-1,-1,-1
24,13,1374.00,475.05,215.89,412.26,1,-1,-1,-1
24,10,897.32,510.74,185.88,372.48,1,-1,-1,-1
24,8,1024.89,497.73,162.73,355.90,1,-1,-1,-1
24,5,1280.77,510.56,162.22,346.21,1,-1,-1,-1
24,4,1121.58,426.67,282.56,509.29,1,-1,-1,-1
24,2,584.85,450.53,215.62,468.63,1,-1,-1,-1
24,1,716.86,438.02,276.66,487.27,1,-1,-1,-1
25,14,769.92,449.57,412.61,582.50,1,-1,-1,-1
25,13,1378.30,474.55,217.30,412.03,1,-1,-1,-1
25,10,905.00,506.39,179.48,372.97,1,-1,-1,-1
25,8,1026.35,493.98,156.47,357.14,1,-1,-1,-1
25,5,1265.04,507.61,179.08,349.15,1,-1,-1,-1
25,4,1119.74,424.29,271.44,511.65,1,-1,-1,-1
25,2,591.35,432.32,216.45,488.02,1,-1,-1,-1
25,1,708.02,430.43,288.35,516.21,1,-1,-1,-1
26,14,759.84,444.40,439.96,583.63,1,-1,-1,-1
26,13,1378.86,473.87,215.11,412.04,1,-1,-1,-1
26,12,576.31,465.65,195.08,401.60,1,-1,-1,-1
26,10,905.89,505.37,186.40,377.26,1,-1,-1,-1
26,8,1026.03,491.23,163.25,359.52,1,-1,-1,-1
26,5,1290.35,541.72,139.48,290.07,1,-1,-1,-1
26,4,1121.55,423.04,270.67,512.48,1,-1,-1,-1
26,2,613.25,452.61,206.05,468.03,1,-1,-1,-1
26,1,701.18,425.83,298.67,518.25,1,-1,-1,-1
27,14,725.24,447.58,484.44,579.68,1,-1,-1,-1
27,13,1381.70,475.79,325.82,416.29,1,-1,-1,-1
27,12,577.51,465.57,185.06,410.35,1,-1,-1,-1
27,10,899.75,497.95,192.01,389.56,1,-1,-1,-1
27,8,1024.10,487.32,166.37,364.02,1,-1,-1,-1
27,4,1122.87,420.65,434.92,510.96,1,-1,-1,-1
27,2,593.42,444.19,221.22,476.51,1,-1,-1,-1
27,1,703.82,421.14,303.53,532.23,1,-1,-1,-1
28,14,744.71,435.49,476.79,582.04,1,-1,-1,-1
28,13,1389.35,478.93,215.31,412.76,1,-1,-1,-1
28,12,577.61,469.23,193.71,405.31,1,-1,-1,-1
28,10,911.90,479.57,184.37,396.69,1,-1,-1,-1
28,8,1028.67,475.67,165.37,376.40,1,-1,-1,-1
28,4,1119.63,414.73,433.53,532.23,1,-1,-1,-1
28,2,573.67,434.91,245.64,482.14,1,-1,-1,-1
28,1,704.08,416.09,295.98,527.61,1,-1,-1,-1
29,14,725.71,431.64,497.04,584.63,1,-1,-1,-1
29,13,1385.38,479.76,239.00,409.29,1,-1,-1,-1
29,10,907.73,472.63,196.26,402.80,1,-1,-1,-1
29,8,1028.89,469.85,162.92,380.50,1,-1,-1,-1
29,4,1107.78,407.17,418.94,540.15,1,-1,-1,-1
29,2,579.49,429.74,243.81,492.59,1,-1,-1,-1
29,1,700.12,411.05,301.27,541.41,1,-1,-1,-1
30,14,750.09,420.83,465.78,582.67,1,-1,-1,-1
30,13,1388.22,482.08,239.23,410.68,1,-1,-1,-1
30,10,919.11,464.40,188.35,404.75,1,-1,-1,-1
30,8,1033.81,463.71,157.92,383.40,1,-1,-1,-1
30,6,1389.90,472.51,345.91,416.69,1,-1,-1,-1
30,4,1113.97,403.81,411.88,541.80,1,-1,-1,-1
30,2,575.94,425.45,228.07,494.95,1,-1,-1,-1
30,1,694.24,403.11,313.09,535.74,1,-1,-1,-1
31,14,755.55,410.32,438.08,594.08,1,-1,-1,-1
31,10,919.17,461.23,181.68,403.73,1,-1,-1,-1
31,8,1034.82,460.64,149.16,387.17,1,-1,-1,-1
31,6,1384.69,463.83,349.32,420.27,1,-1,-1,-1
31,4,1120.02,396.51,389.37,553.40,1,-1,-1,-1
31,2,578.96,417.52,227.20,502.48,1,-1,-1,-1
31,1,695.31,387.98,318.21,559.24,1,-1,-1,-1
32,14,767.59,364.32,376.25,619.89,1,-1,-1,-1
32,10,913.65,443.26,184.02,409.62,1,-1,-1,-1
32,8,1034.53,458.86,152.03,383.49,1,-1,-1,-1
32,6,1387.62,441.33,319.02,449.91,1,-1,-1,-1
32,4,1126.94,386.87,339.69,566.34,1,-1,-1,-1
32,2,574.14,409.65,202.65,509.44,1,-1,-1,-1
32,1,698.62,400.67,301.65,536.28,1,-1,-1,-1
33,14,781.22,353.44,328.06,624.67,1,-1,-1,-1
33,10,913.95,437.14,197.11,412.75,1,-1,-1,-1
33,8,1042.29,451.34,153.39,390.37,1,-1,-1,-1
33,6,1388.89,444.82,306.26,447.46,1,-1,-1,-1
33,4,1125.40,382.35,305.56,569.68,1,-1,-1,-1
33,2,571.33,406.16,221.64,511.61,1,-1,-1,-1
34,14,745.50,342.29,387.25,619.92,1,-1,-1,-1
34,10,914.56,429.46,217.14,424.60,1,-1,-1,-1
34,9,669.91,413.82,264.46,499.61,1,-1,-1,-1
34,8,1041.67,447.22,147.99,389.13,1,-1,-1,-1
34,6,1392.72,452.62,288.04,446.63,1,-1,-1,-1
34,4,1125.01,381.79,283.32,562.36,1,-1,-1,-1
34,2,565.02,411.36,223.25,503.11,1,-1,-1,-1
35,14,767.26,334.39,321.78,632.34,1,-1,-1,-1
35,10,892.99,417.28,247.93,465.48,1,-1,-1,-1
35,9,664.30,411.75,250.26,502.68,1,-1,-1,-1
35,8,1030.49,444.94,161.58,395.19,1,-1,-1,-1
35,7,1246.72,491.98,203.90,413.70,1,-1,-1,-1
35,6,1392.53,447.57,268.70,446.30,1,-1,-1,-1
35,4,1124.55,374.63,290.38,571.52,1,-1,-1,-1
35,2,552.62,386.55,226.79,525.17,1,-1,-1,-1
36,14,771.51,331.02,260.02,637.26,1,-1,-1,-1
36,10,907.35,407.44,246.03,483.67,1,-1,-1,-1
36,9,666.56,413.38,254.28,496.71,1,-1,-1,-1
36,8,1006.51,445.15,190.80,398.49,1,-1,-1,-1
36,7,1279.36,497.85,153.88,375.02,1,-1,-1,-1
36,6,1397.13,439.53,256.18,456.87,1,-1,-1,-1
36,4,1124.40,361.53,285.95,589.27,1,-1,-1,-1
36,2,536.58,376.05,271.89,511.72,1,-1,-1,-1
37,14,762.25,334.03,289.78,636.69,1,-1,-1,-1
37,10,910.73,402.63,234.05,480.58,1,-1,-1,-1
37,8,934.29,411.37,261.27,479.65,1,-1,-1,-1
37,7,1292.52,506.38,143.46,350.39,1,-1,-1,-1
37,6,1382.20,445.98,291.00,446.91,1,-1,-1,-1
37,4,1077.26,355.68,334.79,599.11,1,-1,-1,-1
37,3,634.05,396.81,220.63,519.32,1,-1,-1,-1
37,2,523.62,379.35,237.09,490.89,1,-1,-1,-1
38,14,764.98,329.75,261.18,641.30,1,-1,-1,-1
38,10,916.76,410.87,228.09,460.20,1,-1,-1,-1
38,8,951.32,404.51,235.54,485.88,1,-1,-1,-1
38,7,1274.27,482.89,169.79,356.71,1,-1,-1,-1
38,4,1104.28,351.40,303.29,599.19,1,-1,-1,-1
38,3,624.21,375.60,225.91,541.87,1,-1,-1,-1
38,2,527.61,369.38,240.58,511.67,1,-1,-1,-1
39,14,766.32,308.56,279.04,664.43,1,-1,-1,-1
39,13,1398.79,427.13,213.59,469.50,1,-1,-1,-1
39,8,969.95,444.29,209.73,417.28,1,-1,-1,-1
39,7,1250.19,431.02,190.84,407.87,1,-1,-1,-1
39,4,1041.60,345.77,379.51,607.45,1,-1,-1,-1
39,3,617.32,371.09,224.45,549.14,1,-1,-1,-1
39,1,835.78,384.67,241.08,536.18,1,-1,-1,-1
40,14,765.32,268.00,404.32,711.21,1,-1,-1,-1
40,13,1394.26,414.02,229.13,483.51,1,-1,-1,-1
40,12,533.44,376.61,142.82,385.09,1,-1,-1,-1
40,8,1011.46,365.59,199.73,489.15,1,-1,-1,-1
40,7,1227.15,336.34,216.56,504.84,1,-1,-1,-1
40,4,1117.79,331.13,314.34,623.21,1,-1,-1,-1
40,3,610.50,360.51,233.92,564.18,1,-1,-1,-1
40,1,841.74,391.72,258.12,518.57,1,-1,-1,-1
41,14,762.65,257.99,314.10,722.44,1,-1,-1,-1
41,13,1388.96,398.89,221.22,498.81,1,-1,-1,-1
41,12,520.89,386.26,170.16,412.91,1,-1,-1,-1
41,8,1017.88,369.57,187.10,480.89,1,-1,-1,-1
41,7,1249.49,384.28,196.57,432.33,1,-1,-1,-1
41,4,1115.30,331.18,319.77,618.88,1,-1,-1,-1
41,3,573.51,359.68,264.94,565.31,1,-1,-1,-1
41,2,559.47,361.01,256.50,558.46,1,-1,-1,-1
42,14,762.45,245.63,355.50,739.58,1,-1,-1,-1
42,13,1392.36,382.36,228.47,518.74,1,-1,-1,-1
42,9,642.19,360.19,195.81,565.98,1,-1,-1,-1
42,8,1012.42,370.59,169.11,482.65,1,-1,-1,-1
42,4,1115.96,319.23,322.29,630.18,1,-1,-1,-1
42,3,594.54,364.85,237.43,551.11,1,-1,-1,-1
42,2,525.59,345.17,233.23,559.42,1,-1,-1,-1
43,14,764.93,236.93,331.04,748.92,1,-1,-1,-1
43,13,1373.56,321.96,237.18,580.54,1,-1,-1,-1
43,9,639.48,366.48,196.47,550.52,1,-1,-1,-1
43,8,1023.13,370.78,179.64,483.15,1,-1,-1,-1
43,4,1117.46,304.28,331.78,644.64,1,-1,-1,-1
43,2,525.97,342.82,252.48,573.12,1,-1,-1,-1
44,14,763.68,284.89,313.85,700.76,1,-1,-1,-1
44,13,1349.77,289.05,261.18,616.89,1,-1,-1,-1
44,9,617.31,346.01,225.88,579.87,1,-1,-1,-1
44,8,1033.08,449.45,135.57,404.10,1,-1,-1,-1
44,7,1270.54,455.92,176.04,388.57,1,-1,-1,-1
44,4,1120.26,288.56,336.19,662.91,1,-1,-1,-1
44,2,520.93,306.53,249.33,574.00,1,-1,-1,-1
45,14,758.85,288.21,316.60,698.26,1,-1,-1,-1
45,13,1338.68,261.46,281.19,644.00,1,-1,-1,-1
45,9,621.80,359.23,212.03,552.12,1,-1,-1,-1
45,8,1029.33,453.36,142.57,400.34,1,-1,-1,-1
45,7,1266.68,483.78,149.28,361.63,1,-1,-1,-1
45,4,1121.54,271.00,305.45,679.54,1,-1,-1,-1
45,2,520.41,314.00,324.20,609.15,1,-1,-1,-1
45,1,865.28,388.26,223.12,524.45,1,-1,-1,-1
46,14,756.71,229.54,308.50,757.87,1,-1,-1,-1
46,13,1330.02,260.44,319.79,645.81,1,-1,-1,-1
46,8,1011.06,445.14,159.07,413.76,1,-1,-1,-1
46,7,1262.72,438.56,177.18,423.87,1,-1,-1,-1
46,4,1121.87,254.88,318.26,696.23,1,-1,-1,-1
46,2,523.00,336.66,320.63,582.65,1,-1,-1,-1
46,1,852.41,368.73,244.99,551.85,1,-1,-1,-1
47,14,748.26,229.71,321.78,756.95,1,-1,-1,-1
47,13,1347.23,273.69,275.97,607.09,1,-1,-1,-1
47,8,1018.41,444.44,149.68,413.29,1,-1,-1,-1
47,4,1118.14,236.24,438.08,714.61,1,-1,-1,-1
47,2,521.45,445.38,214.82,425.18,1,-1,-1,-1
47,1,864.10,380.19,235.65,543.82,1,-1,-1,-1
48,14,764.54,248.26,295.49,741.98,1,-1,-1,-1
48,8,1016.97,416.01,149.63,441.68,1,-1,-1,-1
48,4,1118.04,221.15,451.84,726.72,1,-1,-1,-1
48,2,524.90,307.56,327.10,609.12,1,-1,-1,-1
48,1,868.23,327.53,231.86,596.22,1,-1,-1,-1
49,14,758.03,271.03,323.63,716.87,1,-1,-1,-1
49,8,1027.07,435.89,144.88,421.67,1,-1,-1,-1
49,4,1117.42,225.27,514.77,721.14,1,-1,-1,-1
49,2,529.74,337.35,286.75,569.22,1,-1,-1,-1
49,1,866.34,302.41,238.42,627.97,1,-1,-1,-1
50,14,745.47,254.21,318.34,736.45,1,-1,-1,-1
50,13,1393.56,372.95,345.60,531.02,1,-1,-1,-1
50,8,1030.48,420.33,143.48,441.67,1,-1,-1,-1
50,4,1121.25,225.42,390.21,719.76,1,-1,-1,-1
50,1,878.25,345.21,232.65,569.21,1,-1,-1,-1
51,14,752.11,288.59,321.99,695.92,1,-1,-1,-1
51,13,1365.07,374.47,383.54,530.89,1,-1,-1,-1
51,8,1021.15,456.14,152.41,406.13,1,-1,-1,-1
51,4,1121.51,224.62,394.91,718.54,1,-1,-1,-1
51,3,633.70,353.74,218.93,564.95,1,-1,-1,-1
51,1,872.18,360.39,251.59,552.50,1,-1,-1,-1
52,14,744.44,293.71,333.10,686.44,1,-1,-1,-1
52,13,1371.70,360.58,349.33,547.30,1,-1,-1,-1
52,8,1012.23,461.93,163.19,403.16,1,-1,-1,-1
52,7,1270.51,416.23,157.33,425.71,1,-1,-1,-1
52,4,1119.73,249.00,356.27,695.45,1,-1,-1,-1
52,3,619.18,351.98,239.45,568.49,1,-1,-1,-1
52,1,882.39,349.49,238.12,562.04,1,-1,-1,-1
53,14,719.98,268.68,338.73,709.59,1,-1,-1,-1
53,13,1353.16,346.14,376.00,561.80,1,-1,-1,-1
53,8,1002.37,466.05,176.73,397.18,1,-1,-1,-1
53,7,1254.91,396.02,166.54,449.19,1,-1,-1,-1
53,4,1114.42,246.48,351.51,703.51,1,-1,-1,-1
53,2,547.55,351.41,305.37,561.99,1,-1,-1,-1
54,14,729.45,292.85,315.11,682.35,1,-1,-1,-1
54,13,1350.00,347.46,364.98,560.31,1,-1,-1,-1
54,8,1009.26,467.72,167.57,394.04,1,-1,-1,-1
54,7,1249.66,392.90,153.43,454.62,1,-1,-1,-1
54,4,1097.25,231.45,333.67,722.44,1,-1,-1,-1
54,2,719.17,350.41,221.79,566.02,1,-1,-1,-1
55,14,798.20,315.73,246.20,657.68,1,-1,-1,-1
55,13,1355.28,345.37,369.51,564.01,1,-1,-1,-1
55,8,999.48,475.64,186.76,385.14,1,-1,-1,-1
55,7,1232.03,398.23,168.08,445.53,1,-1,-1,-1
55,4,1072.99,225.48,334.10,729.65,1,-1,-1,-1
55,2,652.57,352.76,283.77,562.14,1,-1,-1,-1
55,1,894.66,370.52,200.42,529.86,1,-1,-1,-1
56,14,796.33,344.03,277.38,629.27,1,-1,-1,-1
56,9,599.39,396.44,167.48,466.47,1,-1,-1,-1
56,8,1027.75,483.39,156.94,374.69,1,-1,-1,-1
56,7,1228.23,478.03,167.22,369.14,1,-1,-1,-1
56,4,1067.86,214.67,314.13,740.87,1,-1,-1,-1
56,3,645.51,383.55,235.16,537.50,1,-1,-1,-1
56,1,893.53,352.54,207.14,550.11,1,-1,-1,-1
57,14,779.53,360.31,296.09,611.52,1,-1,-1,-1
57,9,600.49,398.52,167.20,460.51,1,-1,-1,-1
57,8,1033.83,485.46,150.26,371.33,1,-1,-1,-1
57,7,1222.34,497.85,171.24,346.73,1,-1,-1,-1
57,6,1286.21,311.20,319.66,591.70,1,-1,-1,-1
57,4,1067.84,215.81,310.27,740.96,1,-1,-1,-1
57,3,642.69,390.05,234.93,531.91,1,-1,-1,-1
58,16,1121.79,485.72,121.52,353.06,1,-1,-1,-1
58,14,771.28,358.57,297.33,611.26,1,-1,-1,-1
58,9,602.42,393.36,188.62,470.82,1,-1,-1,-1
58,8,1035.70,486.28,142.06,369.63,1,-1,-1,-1
58,7,1226.51,493.01,168.30,352.33,1,-1,-1,-1
58,6,1289.32,339.63,315.17,560.98,1,-1,-1,-1
58,4,1127.94,257.70,243.76,696.15,1,-1,-1,-1
58,3,642.57,401.73,235.74,521.50,1,-1,-1,-1
59,16,1122.77,500.54,121.34,333.64,1,-1,-1,-1
59,14,765.53,366.48,306.09,600.06,1,-1,-1,-1
59,9,602.11,404.60,180.21,459.44,1,-1,-1,-1
59,8,1029.99,495.46,145.90,361.05,1,-1,-1,-1
59,7,1227.30,469.95,168.41,375.37,1,-1,-1,-1
59,6,1283.19,355.37,313.08,544.84,1,-1,-1,-1
59,4,1122.15,216.49,251.93,741.45,1,-1,-1,-1
59,3,646.22,405.05,213.37,513.81,1,-1,-1,-1
60,16,1122.32,503.54,121.42,343.50,1,-1,-1,-1
60,14,762.64,381.51,349.89,593.48,1,-1,-1,-1
60,9,603.19,424.03,155.66,430.38,1,-1,-1,-1
60,8,1033.30,501.73,138.05,354.86,1,-1,-1,-1
60,7,1238.31,464.99,153.64,379.21,1,-1,-1,-1
60,6,1284.11,376.78,309.27,522.70,1,-1,-1,-1
60,4,1133.74,232.15,240.56,721.36,1,-1,-1,-1
60,3,645.78,420.48,208.54,499.51,1,-1,-1,-1
61,16,1125.65,506.47,118.49,335.53,1,-1,-1,-1
61,14,745.57,386.43,306.69,584.26,1,-1,-1,-1
61,9,603.11,434.47,157.52,424.05,1,-1,-1,-1
61,8,1032.75,503.49,140.98,352.52,1,-1,-1,-1
61,7,1248.41,471.43,142.05,371.95,1,-1,-1,-1
61,6,1286.51,416.66,305.40,482.01,1,-1,-1,-1
61,4,1117.18,330.71,257.71,619.07,1,-1,-1,-1
61,3,644.86,418.65,215.33,499.62,1,-1,-1,-1
62,16,1125.91,505.36,128.60,341.92,1,-1,-1,-1
62,14,656.31,400.97,392.64,569.93,1,-1,-1,-1
62,10,935.08,491.10,142.74,401.26,1,-1,-1,-1
62,9,602.79,424.80,172.15,434.58,1,-1,-1,-1
62,8,1038.30,514.67,130.38,341.35,1,-1,-1,-1
62,7,1236.63,469.85,158.00,377.75,1,-1,-1,-1
62,6,1266.98,431.84,326.21,467.16,1,-1,-1,-1
62,4,1118.15,290.80,261.10,659.54,1,-1,-1,-1
62,3,648.58,420.29,223.84,496.19,1,-1,-1,-1
62,1,846.20,480.48,216.70,464.58,1,-1,-1,-1
63,16,1123.09,516.79,129.91,324.44,1,-1,-1,-1
63,14,663.47,413.14,385.32,557.30,1,-1,-1,-1
63,10,934.67,498.79,149.26,395.74,1,-1,-1,-1
63,9,602.09,441.53,167.75,416.19,1,-1,-1,-1
63,8,1040.47,517.63,126.04,335.95,1,-1,-1,-1
63,6,1276.14,436.33,317.35,462.41,1,-1,-1,-1
63,4,1094.73,342.19,289.26,608.11,1,-1,-1,-1
63,3,648.75,436.91,231.37,475.40,1,-1,-1,-1
63,1,836.03,489.71,224.15,452.73,1,-1,-1,-1
64,16,1131.39,539.68,108.40,287.01,1,-1,-1,-1
64,14,727.80,430.83,322.52,543.68,1,-1,-1,-1
64,10,920.57,501.97,176.03,390.57,1,-1,-1,-1
64,9,599.76,445.41,181.43,414.04,1,-1,-1,-1
64,8,1028.54,506.19,142.76,349.03,1,-1,-1,-1
64,6,1280.55,444.21,314.79,452.22,1,-1,-1,-1
64,4,1067.53,363.17,316.08,588.84,1,-1,-1,-1
64,3,661.62,503.89,227.52,408.93,1,-1,-1,-1
64,1,841.55,484.49,216.17,473.30,1,-1,-1,-1
65,14,743.53,440.29,307.58,532.90,1,-1,-1,-1
65,10,942.29,500.79,147.33,387.20,1,-1,-1,-1
65,9,594.75,450.67,194.18,408.96,1,-1,-1,-1
65,8,1032.19,509.94,138.29,349.61,1,-1,-1,-1
65,6,1272.63,447.26,320.32,447.43,1,-1,-1,-1
65,4,1051.02,364.85,333.03,583.51,1,-1,-1,-1
65,3,661.85,525.77,229.41,385.57,1,-1,-1,-1
66,14,732.74,447.42,319.76,524.52,1,-1,-1,-1
66,10,951.72,501.81,149.60,384.80,1,-1,-1,-1
66,9,593.35,444.67,200.62,418.50,1,-1,-1,-1
66,6,1302.77,454.18,288.52,439.78,1,-1,-1,-1
66,4,1052.77,370.83,336.18,582.57,1,-1,-1,-1
66,3,659.40,523.38,229.13,387.29,1,-1,-1,-1
67,17,1039.87,517.60,139.59,334.53,1,-1,-1,-1
67,14,781.05,450.10,276.73,515.92,1,-1,-1,-1
67,10,956.66,504.09,144.90,378.94,1,-1,-1,-1
67,9,593.10,454.70,182.43,407.49,1,-1,-1,-1
67,6,1297.36,456.25,294.89,438.12,1,-1,-1,-1
67,4,1076.98,374.70,304.48,577.54,1,-1,-1,-1
67,3,661.62,506.65,215.00,405.61,1,-1,-1,-1
68,17,1040.35,507.57,140.69,343.98,1,-1,-1,-1
68,14,801.21,459.35,276.93,501.56,1,-1,-1,-1
68,10,955.92,504.39,160.23,379.57,1,-1,-1,-1
68,9,592.34,461.40,207.66,408.15,1,-1,-1,-1
68,7,1235.32,514.17,149.27,325.54,1,-1,-1,-1
68,6,1313.28,461.99,273.46,431.97,1,-1,-1,-1
68,4,1111.90,389.43,264.60,567.85,1,-1,-1,-1
68,3,660.59,524.47,219.79,384.87,1,-1,-1,-1
69,17,1029.29,505.79,155.88,343.56,1,-1,-1,-1
69,14,786.24,459.28,295.87,499.38,1,-1,-1,-1
69,10,946.69,502.92,167.89,377.74,1,-1,-1,-1
69,9,592.05,478.84,172.73,386.03,1,-1,-1,-1
69,7,1233.08,511.78,154.56,329.84,1,-1,-1,-1
69,6,1321.89,462.72,264.11,427.33,1,-1,-1,-1
69,4,1104.46,395.16,270.45,564.86,1,-1,-1,-1
69,3,661.90,485.83,227.67,425.49,1,-1,-1,-1
69,2,660.04,480.05,178.27,429.51,1,-1,-1,-1
70,17,1036.83,504.84,137.83,343.42,1,-1,-1,-1
70,14,770.64,462.59,305.44,492.11,1,-1,-1,-1
70,10,946.03,503.71,159.62,378.16,1,-1,-1,-1
70,9,589.89,481.14,221.27,394.56,1,-1,-1,-1
70,7,1242.70,512.66,138.40,325.94,1,-1,-1,-1
70,6,1336.45,461.91,243.73,424.99,1,-1,-1,-1
70,4,1100.37,401.86,273.49,551.78,1,-1,-1,-1
70,3,662.45,512.12,218.17,396.54,1,-1,-1,-1
70,2,652.25,482.86,204.78,444.21,1,-1,-1,-1
71,17,1025.05,501.06,142.58,356.88,1,-1,-1,-1
71,14,772.77,460.96,292.97,491.50,1,-1,-1,-1
71,10,946.65,504.18,146.02,373.95,1,-1,-1,-1
71,9,591.36,491.08,218.03,375.06,1,-1,-1,-1
71,7,1239.10,512.94,150.20,325.26,1,-1,-1,-1
71,6,1357.37,465.25,216.14,421.81,1,-1,-1,-1
71,4,1086.09,410.31,294.14,539.80,1,-1,-1,-1
71,3,666.59,504.71,218.42,403.90,1,-1,-1,-1
72,17,1011.83,496.80,164.42,371.71,1,-1,-1,-1
72,14,805.77,460.53,237.45,494.35,1,-1,-1,-1
72,10,944.85,505.34,148.95,372.37,1,-1,-1,-1
72,9,586.72,503.36,199.96,359.15,1,-1,-1,-1
72,7,1240.53,510.92,171.48,330.34,1,-1,-1,-1
72,6,1374.11,470.08,197.12,418.70,1,-1,-1,-1
72,4,1089.19,420.24,311.74,528.67,1,-1,-1,-1
72,3,677.72,521.06,215.22,389.11,1,-1,-1,-1
73,17,1016.21,494.24,159.73,362.37,1,-1,-1,-1
73,15,1098.43,511.80,177.24,330.62,1,-1,-1,-1
73,14,785.72,462.29,279.24,497.67,1,-1,-1,-1
73,10,937.80,505.79,155.31,376.37,1,-1,-1,-1
73,9,590.93,508.47,209.97,350.86,1,-1,-1,-1
73,7,1235.59,509.50,205.70,336.25,1,-1,-1,-1
73,6,1369.26,469.90,204.46,421.95,1,-1,-1,-1
73,4,1096.74,430.16,281.94,510.96,1,-1,-1,-1
73,3,677.90,523.62,230.65,387.50,1,-1,-1,-1
74,17,1016.27,492.52,179.93,357.82,1,-1,-1,-1
74,15,1097.81,509.18,174.94,343.28,1,-1,-1,-1
74,10,927.21,504.39,174.45,385.12,1,-1,-1,-1
74,9,589.72,508.56,213.71,350.81,1,-1,-1,-1
74,7,1236.02,510.28,195.26,340.65,1,-1,-1,-1
74,6,1366.35,472.18,204.53,417.97,1,-1,-1,-1
74,4,1099.40,434.73,271.50,507.46,1,-1,-1,-1
74,3,677.53,516.54,225.06,395.11,1,-1,-1,-1
75,17,1012.65,491.38,188.88,356.58,1,-1,-1,-1
75,10,924.02,504.94,175.25,381.66,1,-1,-1,-1
75,9,591.42,506.99,205.10,351.26,1,-1,-1,-1
75,7,1230.58,510.72,191.94,343.68,1,-1,-1,-1
75,6,1358.39,471.45,223.71,424.10,1,-1,-1,-1
75,4,1085.19,436.80,282.50,505.32,1,-1,-1,-1
75,3,660.55,493.53,254.49,418.33,1,-1,-1,-1
76,17,1011.85,486.49,199.02,362.72,1,-1,-1,-1
76,14,661.52,428.39,432.83,516.58,1,-1,-1,-1
76,10,930.16,502.50,176.63,370.52,1,-1,-1,-1
76,9,591.74,498.42,211.09,361.37,1,-1,-1,-1
76,7,1215.34,511.28,223.13,338.75,1,-1,-1,-1
76,4,1094.17,443.38,271.27,492.67,1,-1,-1,-1
76,3,656.69,481.69,260.72,431.17,1,-1,-1,-1
77,17,1014.58,485.23,190.67,363.22,1,-1,-1,-1
77,14,663.37,418.88,447.19,524.70,1,-1,-1,-1
77,13,1310.43,463.61,270.06,426.03,1,-1,-1,-1
77,10,920.75,498.84,192.42,386.81,1,-1,-1,-1
77,9,592.54,492.93,208.54,365.35,1,-1,-1,-1
77,7,1215.36,512.14,207.62,335.72,1,-1,-1,-1
77,4,1098.92,443.71,264.37,490.39,1,-1,-1,-1
77,3,657.40,477.53,277.01,437.78,1,-1,-1,-1
77,2,641.31,489.90,204.10,404.22,1,-1,-1,-1
78,17,1007.56,483.30,210.71,364.40,1,-1,-1,-1
78,14,666.62,411.55,449.82,535.60,1,-1,-1,-1
78,13,1301.24,460.23,270.91,438.55,1,-1,-1,-1
78,10,881.76,496.13,235.20,388.59,1,-1,-1,-1
78,9,589.60,503.48,183.92,353.53,1,-1,-1,-1
78,7,1221.48,511.86,202.86,332.74,1,-1,-1,-1
78,4,1104.92,441.82,249.60,495.59,1,-1,-1,-1
78,3,656.66,480.33,259.24,434.56,1,-1,-1,-1
78,2,640.81,485.34,216.04,418.89,1,-1,-1,-1
79,17,999.75,481.05,178.95,365.55,1,-1,-1,-1
79,14,674.78,400.06,424.15,545.13,1,-1,-1,-1
79,10,909.25,500.48,190.29,382.46,1,-1,-1,-1
79,9,590.30,502.26,179.27,358.06,1,-1,-1,-1
79,7,1219.63,510.83,183.73,334.00,1,-1,-1,-1
79,4,1112.59,440.49,235.89,496.79,1,-1,-1,-1
79,3,658.80,474.21,256.66,438.98,1,-1,-1,-1
79,2,641.96,476.26,213.89,429.15,1,-1,-1,-1
80,17,990.16,480.04,181.39,367.22,1,-1,-1,-1
80,14,681.21,390.01,433.74,558.38,1,-1,-1,-1
80,9,585.52,506.38,191.09,352.38,1,-1,-1,-1
80,7,1222.52,511.39,182.54,332.10,1,-1,-1,-1
80,6,1355.34,459.15,241.80,433.27,1,-1,-1,-1
80,4,1107.40,431.78,261.86,505.62,1,-1,-1,-1
80,3,662.77,481.17,254.00,428.27,1,-1,-1,-1
80,2,623.35,461.65,224.50,444.51,1,-1,-1,-1
81,17,981.22,475.73,191.20,370.12,1,-1,-1,-1
81,14,684.85,389.07,420.91,555.30,1,-1,-1,-1
81,7,1214.98,511.54,195.34,330.68,1,-1,-1,-1
81,6,1352.72,457.32,249.96,435.78,1,-1,-1,-1
81,4,1033.15,429.04,349.37,503.47,1,-1,-1,-1
81,2,637.66,456.13,217.84,451.75,1,-1,-1,-1
82,19,559.70,458.06,276.31,435.18,1,-1,-1,-1
82,17,1011.59,481.22,155.15,363.17,1,-1,-1,-1
82,14,707.69,389.58,403.05,558.10,1,-1,-1,-1
82,7,1217.33,513.35,190.08,327.96,1,-1,-1,-1
82,6,1350.35,457.27,253.60,438.37,1,-1,-1,-1
82,4,1108.01,426.92,277.57,506.14,1,-1,-1,-1
82,2,636.70,469.09,213.13,429.00,1,-1,-1,-1
83,19,555.28,451.78,281.67,432.61,1,-1,-1,-1
83,17,1017.21,514.31,148.00,330.39,1,-1,-1,-1
83,14,699.83,388.94,418.43,554.21,1,-1,-1,-1
83,7,1215.40,513.68,184.64,329.47,1,-1,-1,-1
83,6,1344.15,456.66,257.72,437.30,1,-1,-1,-1
83,4,1100.42,428.53,299.52,513.17,1,-1,-1,-1
84,19,551.40,442.25,283.18,457.87,1,-1,-1,-1
84,17,984.71,497.38,180.25,348.87,1,-1,-1,-1
84,14,543.41,387.95,575.69,555.90,1,-1,-1,-1
84,7,1210.96,510.97,199.56,335.27,1,-1,-1,-1
84,6,1345.19,460.17,262.91,428.95,1,-1,-1,-1
84,4,1079.24,417.08,337.06,524.80,1,-1,-1,-1
85,17,983.98,489.97,169.19,355.58,1,-1,-1,-1
85,14,634.21,388.00,466.87,556.74,1,-1,-1,-1
85,8,892.15,462.23,199.63,413.37,1,-1,-1,-1
85,7,1212.93,512.77,192.47,332.47,1,-1,-1,-1
85,6,1350.45,459.54,253.18,431.98,1,-1,-1,-1
85,4,1092.45,406.45,312.08,535.73,1,-1,-1,-1
86,17,982.03,486.70,178.35,358.21,1,-1,-1,-1
86,14,542.65,387.73,567.38,559.35,1,-1,-1,-1
86,8,881.71,457.10,206.44,422.02,1,-1,-1,-1
86,4,997.67,401.68,446.94,534.45,1,-1,-1,-1
87,17,976.22,486.49,183.15,360.34,1,-1,-1,-1
87,14,727.67,390.43,359.91,554.05,1,-1,-1,-1
87,8,893.38,469.50,189.45,407.31,1,-1,-1,-1
87,4,1009.81,404.69,401.83,526.92,1,-1,-1,-1
88,17,972.34,484.77,181.54,365.11,1,-1,-1,-1
88,14,622.67,392.96,477.03,557.81,1,-1,-1,-1
88,8,889.88,465.41,190.21,413.50,1,-1,-1,-1
88,4,1031.01,398.98,374.86,520.17,1,-1,-1,-1
89,17,970.02,487.23,189.75,366.72,1,-1,-1,-1
89,14,616.86,391.53,477.20,558.56,1,-1,-1,-1
89,13,1237.11,462.96,373.57,425.26,1,-1,-1,-1
89,8,880.38,458.36,196.95,420.19,1,-1,-1,-1
89,4,1021.36,399.46,397.10,519.36,1,-1,-1,-1
89,2,623.98,426.26,236.81,481.18,1,-1,-1,-1
90,17,969.13,488.71,178.05,364.83,1,-1,-1,-1
90,14,579.71,390.11,501.43,558.55,1,-1,-1,-1
90,13,1254.09,463.37,360.02,425.14,1,-1,-1,-1
90,8,882.46,448.76,193.58,431.14,1,-1,-1,-1
90,7,1220.03,517.07,133.59,325.35,1,-1,-1,-1
90,4,1026.69,400.53,386.39,517.17,1,-1,-1,-1
90,2,625.65,430.86,228.75,470.49,1,-1,-1,-1
91,17,967.60,487.57,176.38,366.02,1,-1,-1,-1
91,14,579.75,392.36,511.78,555.49,1,-1,-1,-1
91,13,1268.16,460.67,349.63,426.97,1,-1,-1,-1
91,8,878.43,440.15,196.76,439.14,1,-1,-1,-1
91,7,1217.19,515.83,137.38,326.72,1,-1,-1,-1
91,4,1024.27,401.42,368.48,516.53,1,-1,-1,-1
92,17,968.20,476.97,175.30,374.81,1,-1,-1,-1
92,14,676.93,397.34,420.99,552.37,1,-1,-1,-1
92,13,1279.06,459.92,322.36,426.69,1,-1,-1,-1
92,8,876.93,424.22,203.23,457.07,1,-1,-1,-1
92,7,1220.42,513.64,130.72,328.19,1,-1,-1,-1
92,4,1006.97,399.68,403.88,519.73,1,-1,-1,-1
93,17,966.93,483.66,175.48,368.28,1,-1,-1,-1
93,14,587.11,395.67,517.92,554.36,1,-1,-1,-1
93,13,1281.42,449.90,339.04,438.13,1,-1,-1,-1
93,8,872.35,436.97,200.32,434.59,1,-1,-1,-1
93,7,1218.24,511.36,131.23,330.00,1,-1,-1,-1
93,4,1014.31,396.73,402.14,521.55,1,-1,-1,-1
94,17,968.01,486.34,172.80,362.90,1,-1,-1,-1
94,14,735.87,397.46,372.39,554.27,1,-1,-1,-1
94,13,1276.29,443.90,345.40,444.36,1,-1,-1,-1
94,7,1220.91,512.33,124.36,328.64,1,-1,-1,-1
94,4,1017.40,391.80,391.40,526.84,1,-1,-1,-1
95,17,967.86,492.18,171.99,358.04,1,-1,-1,-1
95,14,735.69,394.93,359.31,552.28,1,-1,-1,-1
95,13,1275.69,442.86,344.50,445.18,1,-1,-1,-1
95,10,878.98,428.59,201.43,451.64,1,-1,-1,-1
95,7,1221.55,513.20,123.00,328.09,1,-1,-1,-1
95,4,1014.17,389.76,399.56,529.26,1,-1,-1,-1
95,2,584.46,391.36,198.50,460.82,1,-1,-1,-1
96,17,965.13,494.95,158.10,352.46,1,-1,-1,-1
96,14,740.24,394.69,354.40,552.43,1,-1,-1,-1
96,13,1275.16,439.07,342.67,446.73,1,-1,-1,-1
96,10,884.00,461.49,194.02,417.24,1,-1,-1,-1
96,7,1225.80,515.63,117.05,324.17,1,-1,-1,-1
96,4,1022.48,390.60,373.02,528.22,1,-1,-1,-1
96,2,562.65,408.10,235.49,443.65,1,-1,-1,-1
97,17,966.40,498.27,157.14,351.41,1,-1,-1,-1
97,14,745.60,382.90,345.27,564.47,1,-1,-1,-1
97,13,1278.40,438.46,337.97,451.09,1,-1,-1,-1
97,10,886.31,478.77,174.12,397.59,1,-1,-1,-1
97,7,1227.52,515.80,118.45,323.98,1,-1,-1,-1
97,4,1025.69,392.04,347.47,526.45,1,-1,-1,-1
97,2,568.12,393.80,215.64,456.76,1,-1,-1,-1
98,19,561.37,391.13,265.73,501.20,1,-1,-1,-1
98,17,966.43,499.54,157.51,348.65,1,-1,-1,-1
98,14,746.51,381.91,358.38,563.33,1,-1,-1,-1
98,13,1281.60,435.57,330.92,454.14,1,-1,-1,-1
98,10,877.18,463.56,192.87,420.20,1,-1,-1,-1
98,7,1228.76,517.07,117.40,321.61,1,-1,-1,-1
98,4,1016.35,392.18,377.75,525.40,1,-1,-1,-1
99,19,557.95,390.34,270.12,503.53,1,-1,-1,-1
99,17,967.37,505.09,153.40,342.33,1,-1,-1,-1
99,14,742.87,396.55,348.13,548.98,1,-1,-1,-1
99,13,1275.45,434.53,338.99,455.37,1,-1,-1,-1
99,7,1228.27,516.43,120.99,322.54,1,-1,-1,-1
99,4,1017.07,392.18,381.53,527.43,1,-1,-1,-1
100,19,561.85,396.40,267.38,496.74,1,-1,-1,-1
100,17,973.81,503.49,143.85,346.86,1,-1,-1,-1
100,14,742.55,378.64,361.53,568.40,1,-1,-1,-1
100,13,1288.67,430.96,322.69,455.63,1,-1,-1,-1
100,7,1226.70,516.05,118.12,324.05,1,-1,-1,-1
100,4,1013.79,393.70,391.85,528.91,1,-1,-1,-1
101,19,564.79,388.46,260.94,505.42,1,-1,-1,-1
101,17,976.30,502.57,140.56,352.10,1,-1,-1,-1
101,14,740.12,372.53,366.54,572.28,1,-1,-1,-1
101,13,1290.62,431.20,320.58,454.78,1,-1,-1,-1
101,7,1227.22,515.65,118.15,325.46,1,-1,-1,-1
101,4,1052.48,395.97,336.01,528.70,1,-1,-1,-1
102,19,562.44,389.42,262.07,502.44,1,-1,-1,-1
102,17,973.30,504.92,142.88,351.42,1,-1,-1,-1
102,14,740.19,371.61,287.95,571.60,1,-1,-1,-1
102,13,1287.29,434.23,325.11,452.03,1,-1,-1,-1
102,10,962.80,504.34,101.70,318.24,1,-1,-1,-1
102,7,1226.41,517.52,118.84,322.34,1,-1,-1,-1
102,4,1033.89,397.19,352.74,526.94,1,-1,-1,-1
103,19,561.35,395.28,261.96,495.23,1,-1,-1,-1
103,17,966.41,505.32,158.39,350.85,1,-1,-1,-1
103,14,734.75,368.56,311.70,569.69,1,-1,-1,-1
103,13,1288.49,445.73,316.20,440.90,1,-1,-1,-1
103,10,961.72,501.25,120.48,337.85,1,-1,-1,-1
103,7,1227.80,517.32,121.37,323.24,1,-1,-1,-1
103,4,1034.47,397.19,346.61,524.89,1,-1,-1,-1
104,19,564.29,392.24,259.78,492.65,1,-1,-1,-1
104,17,966.06,503.99,148.37,348.67,1,-1,-1,-1
104,14,704.63,372.90,311.10,569.62,1,-1,-1,-1
104,13,1293.89,461.60,261.58,426.13,1,-1,-1,-1
104,10,959.69,493.62,123.68,347.14,1,-1,-1,-1
104,7,1226.96,516.81,125.95,323.25,1,-1,-1,-1
104,4,1020.43,402.03,341.06,517.27,1,-1,-1,-1
105,19,567.07,392.81,254.93,489.27,1,-1,-1,-1
105,17,972.05,503.44,145.99,347.93,1,-1,-1,-1
105,14,705.94,374.98,310.73,566.58,1,-1,-1,-1
105,13,1287.41,451.42,301.37,435.22,1,-1,-1,-1
105,7,1222.75,516.95,131.45,321.50,1,-1,-1,-1
105,4,985.06,397.69,378.44,524.77,1,-1,-1,-1
106,19,575.45,397.12,241.68,480.70,1,-1,-1,-1
106,17,972.16,514.30,140.04,329.89,1,-1,-1,-1
106,14,591.34,373.43,432.98,569.94,1,-1,-1,-1
106,13,1289.87,461.01,281.78,427.93,1,-1,-1,-1
106,8,876.05,432.38,156.48,443.98,1,-1,-1,-1
106,7,1227.64,516.37,129.07,322.67,1,-1,-1,-1
106,4,977.32,392.42,383.37,537.36,1,-1,-1,-1
107,19,570.18,400.67,243.17,480.01,1,-1,-1,-1
107,17,976.36,516.74,135.02,330.37,1,-1,-1,-1
107,14,588.32,371.20,421.43,574.11,1,-1,-1,-1
107,13,1285.45,445.53,315.85,444.31,1,-1,-1,-1
107,8,880.12,455.76,142.70,419.96,1,-1,-1,-1
107,7,1232.94,516.62,123.76,321.46,1,-1,-1,-1
107,4,976.24,393.71,377.04,537.71,1,-1,-1,-1
108,19,582.09,394.41,231.87,486.64,1,-1,-1,-1
108,17,962.03,511.84,155.20,341.73,1,-1,-1,-1
108,14,578.91,369.10,426.94,572.60,1,-1,-1,-1
108,13,1278.62,425.14,314.19,465.82,1,-1,-1,-1
108,8,875.09,453.68,146.15,422.79,1,-1,-1,-1
108,7,1233.52,519.06,125.76,322.50,1,-1,-1,-1
108,4,958.46,397.58,368.58,536.34,1,-1,-1,-1
109,19,581.18,394.07,228.57,478.40,1,-1,-1,-1
109,17,963.64,502.23,151.60,348.98,1,-1,-1,-1
109,14,583.09,364.30,404.72,574.48,1,-1,-1,-1
109,13,1273.98,427.27,296.12,465.45,1,-1,-1,-1
109,8,881.32,456.47,147.49,419.22,1,-1,-1,-1
109,7,1237.12,523.01,115.96,319.23,1,-1,-1,-1
109,4,956.65,396.42,360.28,540.71,1,-1,-1,-1
110,19,580.94,390.90,230.46,485.84,1,-1,-1,-1
110,17,964.24,507.83,147.95,342.70,1,-1,-1,-1
110,15,1083.95,528.90,141.60,327.68,1,-1,-1,-1
110,14,581.20,366.21,392.18,570.57,1,-1,-1,-1
110,13,1250.06,445.12,321.31,448.19,1,-1,-1,-1
110,8,869.39,457.65,166.24,416.29,1,-1,-1,-1
110,7,1236.36,525.79,118.82,320.90,1,-1,-1,-1
110,4,941.75,396.21,355.88,537.63,1,-1,-1,-1
111,19,584.73,391.24,225.14,470.75,1,-1,-1,-1
111,15,1089.43,531.70,136.52,297.03,1,-1,-1,-1
111,14,584.66,361.37,375.14,573.74,1,-1,-1,-1
111,13,1246.33,429.92,289.17,467.76,1,-1,-1,-1
111,8,861.97,456.41,176.56,418.34,1,-1,-1,-1
111,7,1236.04,528.40,117.40,317.73,1,-1,-1,-1
111,4,936.93,400.62,341.57,542.17,1,-1,-1,-1
112,19,578.44,385.33,236.60,484.30,1,-1,-1,-1
112,15,1105.02,530.23,114.30,289.19,1,-1,-1,-1
112,14,579.35,375.27,368.81,556.63,1,-1,-1,-1
112,13,1240.94,443.22,292.30,457.13,1,-1,-1,-1
112,8,867.12,460.65,155.17,418.31,1,-1,-1,-1
112,7,1235.55,529.19,119.21,308.43,1,-1,-1,-1
112,4,917.00,394.10,341.70,544.68,1,-1,-1,-1
113,15,1108.53,529.25,118.53,289.62,1,-1,-1,-1
113,14,579.19,379.10,328.69,552.79,1,-1,-1,-1
113,13,1237.52,439.87,287.51,460.15,1,-1,-1,-1
113,8,858.20,455.31,164.96,423.77,1,-1,-1,-1
113,7,1236.22,528.78,118.56,312.83,1,-1,-1,-1
113,4,918.83,390.46,319.51,550.79,1,-1,-1,-1
114,15,1108.00,527.93,128.20,290.62,1,-1,-1,-1
114,14,582.08,386.24,322.36,542.98,1,-1,-1,-1
114,13,1237.48,438.51,285.98,460.69,1,-1,-1,-1
114,8,856.26,466.40,161.71,409.58,1,-1,-1,-1
114,4,929.96,395.88,307.25,546.32,1,-1,-1,-1
115,15,1105.79,527.39,144.04,291.04,1,-1,-1,-1
115,14,573.61,387.08,324.62,541.57,1,-1,-1,-1
115,13,1236.28,415.05,279.85,483.44,1,-1,-1,-1
115,8,846.05,467.21,171.59,409.22,1,-1,-1,-1
115,4,903.27,392.93,329.76,547.64,1,-1,-1,-1
116,15,1099.74,525.79,183.34,297.02,1,-1,-1,-1
116,14,577.63,398.73,309.93,534.59,1,-1,-1,-1
116,13,1229.96,426.85,252.54,471.05,1,-1,-1,-1
116,8,826.30,410.04,170.55,460.93,1,-1,-1,-1
116,4,872.61,385.96,313.37,557.20,1,-1,-1,-1
117,15,1079.66,525.40,225.26,297.65,1,-1,-1,-1
117,14,579.95,397.56,300.96,539.19,1,-1,-1,-1
117,13,1214.43,421.06,268.85,481.08,1,-1,-1,-1
117,8,828.45,422.08,152.19,449.64,1,-1,-1,-1
117,4,867.00,375.27,288.23,569.86,1,-1,-1,-1
118,15,1083.57,524.47,219.65,301.03,1,-1,-1,-1
118,14,581.99,397.18,296.59,523.58,1,-1,-1,-1
118,13,1216.99,421.09,265.01,490.84,1,-1,-1,-1
118,8,822.11,413.98,164.81,452.15,1,-1,-1,-1
118,4,862.22,374.53,281.32,569.65,1,-1,-1,-1
119,19,577.42,399.58,225.64,443.13,1,-1,-1,-1
119,15,1083.15,520.11,218.77,307.64,1,-1,-1,-1
119,14,585.09,389.96,282.90,536.65,1,-1,-1,-1
119,13,1203.30,448.64,243.96,463.61,1,-1,-1,-1
119,8,815.81,458.09,171.02,402.56,1,-1,-1,-1
119,4,847.44,366.40,279.42,577.44,1,-1,-1,-1
120,19,583.38,404.07,227.68,440.93,1,-1,-1,-1
120,15,1081.72,522.02,197.37,306.87,1,-1,-1,-1
120,14,591.60,396.72,273.18,537.61,1,-1,-1,-1
120,13,1191.99,439.24,266.17,473.00,1,-1,-1,-1
120,8,807.40,457.49,163.60,405.19,1,-1,-1,-1
120,4,862.91,348.55,252.29,589.38,1,-1,-1,-1
121,19,581.45,398.89,226.16,446.75,1,-1,-1,-1
121,15,1081.77,523.64,196.99,299.99,1,-1,-1,-1
121,14,579.26,395.45,292.09,538.11,1,-1,-1,-1
121,8,806.38,449.04,154.63,410.68,1,-1,-1,-1
121,6,1197.38,466.50,197.90,457.43,1,-1,-1,-1
121,4,868.98,350.01,264.16,575.58,1,-1,-1,-1
122,17,966.30,429.54,195.79,422.68,1,-1,-1,-1
122,15,1088.99,525.99,173.64,297.20,1,-1,-1,-1
122,14,606.12,397.42,270.44,536.44,1,-1,-1,-1
122,8,797.63,429.40,199.22,436.78,1,-1,-1,-1
122,6,1184.03,476.05,212.99,441.84,1,-1,-1,-1
122,4,841.87,353.48,281.18,570.76,1,-1,-1,-1
123,17,974.11,440.21,187.94,409.15,1,-1,-1,-1
123,15,1124.04,528.94,130.73,295.67,1,-1,-1,-1
123,14,603.06,402.94,265.96,530.95,1,-1,-1,-1
123,13,1145.18,408.83,288.89,512.51,1,-1,-1,-1
123,8,795.15,443.99,171.68,416.64,1,-1,-1,-1
124,21,800.60,372.45,215.67,566.21,1,-1,-1,-1
124,17,978.14,441.20,179.71,400.34,1,-1,-1,-1
124,15,1142.63,528.01,131.52,295.45,1,-1,-1,-1
124,14,584.16,408.11,267.39,523.20,1,-1,-1,-1
124,13,1149.59,403.96,271.10,524.84,1,-1,-1,-1
124,8,783.83,423.64,167.97,437.60,1,-1,-1,-1
125,21,778.65,369.56,230.98,565.55,1,-1,-1,-1
125,17,957.54,439.35,194.04,412.62,1,-1,-1,-1
125,15,1144.61,527.12,136.03,299.48,1,-1,-1,-1
125,14,585.14,416.68,242.90,509.69,1,-1,-1,-1
125,13,1145.80,409.21,270.03,522.79,1,-1,-1,-1
125,10,889.07,393.74,208.72,471.97,1,-1,-1,-1
125,8,781.40,430.69,171.39,427.40,1,-1,-1,-1
126,21,771.41,414.25,218.64,519.73,1,-1,-1,-1
126,17,956.90,441.16,190.53,395.00,1,-1,-1,-1
126,15,1085.55,494.98,224.00,329.65,1,-1,-1,-1
126,14,573.66,423.33,241.93,497.65,1,-1,-1,-1
126,13,1084.14,397.55,319.73,535.14,1,-1,-1,-1
126,10,879.21,403.32,205.58,462.62,1,-1,-1,-1
127,21,763.01,401.30,217.50,531.92,1,-1,-1,-1
127,17,960.82,442.09,185.73,397.19,1,-1,-1,-1
127,15,1116.40,507.56,175.69,312.71,1,-1,-1,-1
127,14,571.43,434.50,238.95,486.77,1,-1,-1,-1
127,13,1073.35,395.65,321.66,533.74,1,-1,-1,-1
127,10,875.19,497.74,199.62,368.75,1,-1,-1,-1
128,21,742.68,433.48,220.71,495.81,1,-1,-1,-1
128,17,972.30,445.69,163.83,397.79,1,-1,-1,-1
128,14,562.26,418.70,249.10,498.06,1,-1,-1,-1
128,13,1089.60,394.96,268.14,533.97,1,-1,-1,-1
128,10,874.50,448.55,203.25,436.04,1,-1,-1,-1
129,21,737.59,407.60,217.74,518.85,1,-1,-1,-1
129,17,963.89,449.19,162.41,395.77,1,-1,-1,-1
129,14,535.35,390.50,264.46,522.99,1,-1,-1,-1
129,13,1070.58,395.81,269.45,533.99,1,-1,-1,-1
129,4,854.06,418.65,175.82,444.57,1,-1,-1,-1
130,21,751.15,376.65,192.83,550.83,1,-1,-1,-1
130,17,957.12,469.12,174.30,371.93,1,-1,-1,-1
130,14,566.17,438.51,234.84,460.74,1,-1,-1,-1
130,13,1061.28,399.74,260.69,524.20,1,-1,-1,-1
130,7,1204.14,409.78,158.40,466.13,1,-1,-1,-1
130,4,832.84,392.11,205.60,488.58,1,-1,-1,-1
131,21,722.83,384.75,205.01,539.68,1,-1,-1,-1
131,17,944.26,445.54,193.95,399.90,1,-1,-1,-1
131,14,567.38,435.87,224.48,465.57,1,-1,-1,-1
131,13,1057.88,396.25,250.98,525.54,1,-1,-1,-1
131,7,1183.17,407.64,178.43,468.14,1,-1,-1,-1
132,21,680.66,379.31,224.54,543.24,1,-1,-1,-1
132,17,919.62,444.42,204.61,404.96,1,-1,-1,-1
132,14,564.01,453.96,210.28,437.53,1,-1,-1,-1
132,13,1028.32,389.83,254.21,535.71,1,-1,-1,-1
132,7,1184.10,399.21,172.40,479.13,1,-1,-1,-1
133,21,676.91,390.46,224.09,530.94,1,-1,-1,-1
133,17,931.56,444.33,191.97,411.11,1,-1,-1,-1
133,14,561.39,446.62,220.37,443.47,1,-1,-1,-1
133,13,1012.17,395.58,250.41,531.20,1,-1,-1,-1
133,7,1153.53,416.33,195.22,463.40,1,-1,-1,-1
133,4,807.76,416.44,151.54,445.30,1,-1,-1,-1
134,21,678.95,384.66,221.04,532.16,1,-1,-1,-1
134,17,961.89,506.33,156.95,344.69,1,-1,-1,-1
134,14,553.75,430.57,224.51,449.67,1,-1,-1,-1
134,13,986.38,399.27,244.79,523.74,1,-1,-1,-1
134,7,1151.36,410.07,197.55,471.04,1,-1,-1,-1
134,4,797.69,455.84,150.63,409.12,1,-1,-1,-1
135,21,679.16,374.54,216.69,541.51,1,-1,-1,-1
135,17,960.49,499.89,172.93,350.42,1,-1,-1,-1
135,14,550.40,450.53,217.51,425.15,1,-1,-1,-1
135,13,972.11,391.31,252.32,534.75,1,-1,-1,-1
135,10,919.81,514.83,139.69,326.44,1,-1,-1,-1
135,7,1129.57,424.10,220.09,458.15,1,-1,-1,-1
135,4,781.26,437.30,169.97,435.48,1,-1,-1,-1
136,21,649.86,393.02,243.59,521.95,1,-1,-1,-1
136,17,951.89,485.35,179.80,379.87,1,-1,-1,-1
136,14,535.83,453.91,238.17,419.07,1,-1,-1,-1
136,13,967.09,398.87,239.58,525.96,1,-1,-1,-1
136,10,902.32,496.14,157.20,359.01,1,-1,-1,-1
136,7,1133.88,438.96,214.77,446.12,1,-1,-1,-1
137,21,629.01,381.55,265.72,526.49,1,-1,-1,-1
137,20,857.28,451.98,178.52,386.13,1,-1,-1,-1
137,14,532.69,460.20,226.43,412.61,1,-1,-1,-1
137,13,959.27,392.98,229.96,530.96,1,-1,-1,-1
137,10,903.71,497.34,163.25,365.05,1,-1,-1,-1
137,7,1143.62,436.20,196.98,446.25,1,-1,-1,-1
138,21,615.06,389.46,257.84,513.14,1,-1,-1,-1
138,20,877.22,497.46,162.05,353.89,1,-1,-1,-1
138,14,518.47,452.81,240.47,418.09,1,-1,-1,-1
138,13,951.48,395.55,218.94,529.90,1,-1,-1,-1
138,7,1132.00,445.33,201.03,438.55,1,-1,-1,-1
138,4,790.84,502.80,144.19,357.46,1,-1,-1,-1
139,21,615.25,390.56,265.52,512.30,1,-1,-1,-1
139,20,879.28,475.00,164.18,383.49,1,-1,-1,-1
139,14,516.79,438.41,240.18,432.45,1,-1,-1,-1
139,13,923.66,396.57,235.54,527.48,1,-1,-1,-1
139,8,744.76,455.71,150.49,400.89,1,-1,-1,-1
139,7,1145.90,444.29,188.20,441.13,1,-1,-1,-1
139,4,812.53,440.50,154.40,418.16,1,-1,-1,-1
140,21,517.81,381.04,308.65,519.81,1,-1,-1,-1
140,14,514.75,452.72,246.57,418.54,1,-1,-1,-1
140,13,902.16,396.58,255.55,525.86,1,-1,-1,-1
140,8,744.16,453.39,159.96,399.08,1,-1,-1,-1
140,7,1144.63,445.12,160.44,448.65,1,-1,-1,-1
140,4,807.48,445.44,147.38,409.37,1,-1,-1,-1
141,21,513.75,385.20,295.09,508.15,1,-1,-1,-1
141,15,1079.73,510.43,140.35,307.85,1,-1,-1,-1
141,14,514.45,450.39,232.97,418.88,1,-1,-1,-1
141,13,854.33,395.89,285.90,524.97,1,-1,-1,-1
141,8,729.15,460.55,177.04,388.81,1,-1,-1,-1
141,7,1119.23,464.98,166.58,433.16,1,-1,-1,-1
141,4,809.38,456.15,154.06,397.28,1,-1,-1,-1
142,21,514.65,377.52,330.93,513.30,1,-1,-1,-1
142,15,1070.53,501.60,163.85,319.00,1,-1,-1,-1
142,13,852.95,393.41,277.21,527.23,1,-1,-1,-1
142,8,733.99,458.91,176.47,386.54,1,-1,-1,-1
142,7,1109.40,471.54,227.89,422.24,1,-1,-1,-1
142,4,813.11,464.89,170.88,387.59,1,-1,-1,-1
143,21,517.22,391.13,297.45,500.41,1,-1,-1,-1
143,17,981.59,504.77,190.37,337.89,1,-1,-1,-1
143,15,1063.75,514.01,151.43,311.00,1,-1,-1,-1
143,13,830.48,381.17,306.23,535.00,1,-1,-1,-1
143,8,729.71,467.53,166.01,377.35,1,-1,-1,-1
143,7,1104.85,478.81,240.27,413.78,1,-1,-1,-1
143,4,813.45,456.31,158.82,396.73,1,-1,-1,-1
144,21,511.55,396.68,274.49,500.38,1,-1,-1,-1
144,17,991.57,502.79,170.21,354.11,1,-1,-1,-1
144,15,1062.36,509.43,155.45,314.43,1,-1,-1,-1
144,13,803.99,382.03,280.41,532.94,1,-1,-1,-1
144,8,716.08,462.20,178.08,361.18,1,-1,-1,-1
144,7,1161.73,487.46,171.64,372.69,1,-1,-1,-1
144,4,804.35,444.03,199.88,416.41,1,-1,-1,-1
145,23,1072.58,497.93,158.05,394.53,1,-1,-1,-1
145,21,524.98,393.61,258.92,501.96,1,-1,-1,-1
145,17,1004.65,513.13,150.66,330.64,1,-1,-1,-1
145,13,795.16,407.68,257.10,505.51,1,-1,-1,-1
145,8,721.69,474.83,150.59,342.75,1,-1,-1,-1
145,7,1146.14,477.11,188.41,382.25,1,-1,-1,-1
145,4,814.64,455.71,165.97,395.25,1,-1,-1,-1
146,23,1060.92,498.70,161.38,393.60,1,-1,-1,-1
146,21,492.75,384.02,285.48,518.70,1,-1,-1,-1
146,17,1000.24,511.42,143.26,330.36,1,-1,-1,-1
146,13,783.74,391.51,240.68,520.42,1,-1,-1,-1
146,8,712.19,458.95,166.37,373.89,1,-1,-1,-1
146,7,1145.10,494.98,194.72,362.69,1,-1,-1,-1
147,23,1052.04,470.82,169.80,419.29,1,-1,-1,-1
147,17,994.23,490.00,151.00,348.68,1,-1,-1,-1
147,13,768.59,408.68,233.29,503.05,1,-1,-1,-1
147,7,1138.88,485.30,196.87,376.23,1,-1,-1,-1
148,23,1022.33,441.77,153.77,445.86,1,-1,-1,-1
148,19,527.23,386.62,252.19,486.24,1,-1,-1,-1
148,17,987.04,536.24,113.71,299.38,1,-1,-1,-1
148,13,766.88,388.76,221.87,520.01,1,-1,-1,-1
148,10,893.32,401.93,136.36,431.92,1,-1,-1,-1
148,7,1147.47,496.33,195.44,360.11,1,-1,-1,-1
149,23,1009.75,429.10,155.87,460.36,1,-1,-1,-1
149,19,525.19,386.15,244.30,484.42,1,-1,-1,-1
149,17,984.17,528.84,109.19,306.36,1,-1,-1,-1
149,13,751.25,402.17,229.62,502.09,1,-1,-1,-1
149,10,921.54,445.78,110.91,389.88,1,-1,-1,-1
149,7,1142.02,501.18,187.73,353.43,1,-1,-1,-1
150,23,961.72,435.43,203.70,451.56,1,-1,-1,-1
150,19,522.50,409.38,236.84,457.51,1,-1,-1,-1
150,17,961.50,527.27,149.82,308.36,1,-1,-1,-1
150,13,742.10,429.64,222.21,467.35,1,-1,-1,-1
150,10,889.48,480.98,137.95,357.50,1,-1,-1,-1
150,8,670.07,473.13,148.84,340.72,1,-1,-1,-1
150,7,1114.31,489.34,234.20,363.92,1,-1,-1,-1
151,23,946.39,435.22,218.18,451.69,1,-1,-1,-1
151,19,520.59,427.28,226.35,435.34,1,-1,-1,-1
151,17,966.08,522.60,140.57,321.65,1,-1,-1,-1
151,13,738.39,420.47,210.41,474.02,1,-1,-1,-1
151,10,875.74,456.81,139.02,363.33,1,-1,-1,-1
151,8,691.14,515.92,122.31,294.86,1,-1,-1,-1
151,7,1138.02,466.35,219.77,385.44,1,-1,-1,-1
152,23,900.64,417.36,256.23,465.64,1,-1,-1,-1
152,19,517.94,451.95,224.80,402.59,1,-1,-1,-1
152,13,718.73,413.41,197.73,474.72,1,-1,-1,-1
152,10,884.35,458.41,141.77,361.78,1,-1,-1,-1
152,8,694.68,537.17,136.51,272.24,1,-1,-1,-1
152,7,1069.81,439.97,280.49,414.56,1,-1,-1,-1
153,23,886.08,419.20,261.94,460.87,1,-1,-1,-1
153,19,514.78,461.62,232.59,392.21,1,-1,-1,-1
153,13,700.88,428.10,206.34,455.42,1,-1,-1,-1
153,10,863.49,431.86,183.03,413.96,1,-1,-1,-1
153,8,679.50,509.46,142.70,319.88,1,-1,-1,-1
153,7,1070.24,451.08,275.52,399.27,1,-1,-1,-1
154,23,872.27,422.89,256.49,456.71,1,-1,-1,-1
154,19,508.99,455.77,240.17,392.57,1,-1,-1,-1
154,13,688.34,434.22,203.89,448.51,1,-1,-1,-1
154,10,838.17,440.47,191.20,406.37,1,-1,-1,-1
154,7,1070.29,436.63,270.13,416.40,1,-1,-1,-1
155,23,865.17,430.12,240.88,445.73,1,-1,-1,-1
155,19,504.37,397.88,252.29,453.46,1,-1,-1,-1
155,13,667.26,466.09,202.72,411.16,1,-1,-1,-1
155,10,855.44,440.50,184.40,407.05,1,-1,-1,-1
155,7,1078.18,444.11,250.89,401.27,1,-1,-1,-1
156,23,895.80,445.39,209.17,382.01,1,-1,-1,-1
156,19,505.62,432.32,234.14,408.75,1,-1,-1,-1
156,13,646.25,414.45,220.12,462.45,1,-1,-1,-1
156,10,848.12,445.33,210.71,393.47,1,-1,-1,-1
156,3,768.44,520.40,140.15,303.28,1,-1,-1,-1
157,23,841.61,436.84,213.91,439.38,1,-1,-1,-1
157,19,512.62,418.03,227.13,422.78,1,-1,-1,-1
157,13,640.18,412.76,218.11,463.42,1,-1,-1,-1
157,10,858.11,443.80,179.38,397.02,1,-1,-1,-1
157,3,776.27,517.68,135.94,308.91,1,-1,-1,-1
158,23,840.72,416.62,208.68,457.26,1,-1,-1,-1
158,19,507.67,445.14,240.99,395.92,1,-1,-1,-1
158,13,631.78,414.50,217.01,460.06,1,-1,-1,-1
158,7,1047.88,437.56,255.52,421.32,1,-1,-1,-1
158,3,764.51,513.15,146.93,313.18,1,-1,-1,-1
159,23,840.85,408.97,231.90,462.00,1,-1,-1,-1
159,20,939.29,527.00,161.87,300.66,1,-1,-1,-1
159,19,506.82,448.80,241.68,394.35,1,-1,-1,-1
159,13,625.47,411.16,220.11,462.06,1,-1,-1,-1
159,7,1015.80,443.40,284.96,408.15,1,-1,-1,-1
159,3,768.93,511.48,136.37,308.15,1,-1,-1,-1
160,23,800.77,419.96,218.50,450.69,1,-1,-1,-1
160,20,933.42,509.82,133.74,321.04,1,-1,-1,-1
160,19,513.94,414.50,206.11,420.18,1,-1,-1,-1
160,13,606.03,401.94,205.94,465.98,1,-1,-1,-1
160,7,1010.17,449.90,277.12,407.63,1,-1,-1,-1
160,3,745.60,453.02,172.52,394.73,1,-1,-1,-1
161,23,789.30,432.75,228.55,436.56,1,-1,-1,-1
161,20,934.53,512.34,134.49,316.04,1,-1,-1,-1
161,19,513.77,438.67,200.04,397.46,1,-1,-1,-1
161,13,600.18,403.88,205.06,461.54,1,-1,-1,-1
161,7,996.91,448.00,280.75,412.40,1,-1,-1,-1
161,3,747.55,440.16,196.16,409.80,1,-1,-1,-1
162,23,785.33,435.90,224.30,432.44,1,-1,-1,-1
162,20,945.49,501.91,149.15,322.07,1,-1,-1,-1
162,19,512.88,437.99,197.28,398.88,1,-1,-1,-1
162,13,596.19,415.48,186.37,451.53,1,-1,-1,-1
162,7,978.72,443.02,291.49,412.99,1,-1,-1,-1
162,3,745.88,441.36,215.92,419.10,1,-1,-1,-1
163,23,745.42,437.42,236.98,430.86,1,-1,-1,-1
163,20,883.17,495.44,169.52,335.34,1,-1,-1,-1
163,19,515.67,473.25,204.97,353.17,1,-1,-1,-1
163,15,1102.46,461.47,174.53,366.85,1,-1,-1,-1
163,13,576.71,404.59,200.05,461.69,1,-1,-1,-1
163,10,857.96,453.79,194.03,377.17,1,-1,-1,-1
163,7,985.79,468.07,219.47,392.09,1,-1,-1,-1
163,3,763.14,458.35,180.21,383.43,1,-1,-1,-1
164,23,728.81,430.22,220.09,437.49,1,-1,-1,-1
164,20,849.90,517.81,180.49,312.65,1,-1,-1,-1
164,19,507.34,451.40,211.38,388.87,1,-1,-1,-1
164,15,1060.21,448.84,225.52,391.60,1,-1,-1,-1
164,13,552.29,413.76,193.32,450.14,1,-1,-1,-1
164,10,878.30,458.79,175.14,376.39,1,-1,-1,-1
164,7,949.61,469.07,237.26,397.00,1,-1,-1,-1
165,23,722.23,415.16,227.72,453.20,1,-1,-1,-1
165,20,855.57,528.14,169.84,303.55,1,-1,-1,-1
165,15,1078.37,512.52,188.88,321.65,1,-1,-1,-1
165,13,539.15,409.22,199.43,454.38,1,-1,-1,-1
165,7,939.48,471.89,226.30,389.90,1,-1,-1,-1
166,23,711.12,436.64,220.26,428.49,1,-1,-1,-1
166,20,848.98,507.86,165.60,318.20,1,-1,-1,-1
166,15,1081.74,461.49,200.01,375.83,1,-1,-1,-1
166,7,936.71,469.74,218.58,393.03,1,-1,-1,-1
167,23,712.98,448.02,212.76,416.43,1,-1,-1,-1
167,20,818.64,487.84,175.51,341.61,1,-1,-1,-1
167,15,1077.06,459.37,204.65,378.91,1,-1,-1,-1
167,7,917.27,450.92,260.42,412.92,1,-1,-1,-1
167,6,552.08,410.72,184.75,442.86,1,-1,-1,-1
168,23,711.30,442.91,203.92,420.67,1,-1,-1,-1
168,20,858.08,476.94,156.37,352.69,1,-1,-1,-1
168,15,1063.82,462.02,200.26,376.31,1,-1,-1,-1
168,7,911.93,449.50,215.68,414.48,1,-1,-1,-1
168,6,547.22,408.24,164.04,438.49,1,-1,-1,-1
169,23,713.73,458.45,182.77,408.47,1,-1,-1,-1
169,20,830.29,463.54,193.87,359.36,1,-1,-1,-1
169,15,1068.99,478.66,191.79,360.76,1,-1,-1,-1
169,8,674.04,554.70,124.85,244.91,1,-1,-1,-1
169,7,896.44,440.51,226.25,425.27,1,-1,-1,-1
169,6,543.05,399.65,186.39,447.19,1,-1,-1,-1
170,23,687.17,438.26,192.11,428.21,1,-1,-1,-1
170,20,833.64,474.79,174.41,343.28,1,-1,-1,-1
170,15,1054.01,471.84,208.48,367.53,1,-1,-1,-1
170,8,681.36,546.91,117.19,253.45,1,-1,-1,-1
170,7,890.61,432.23,220.42,435.46,1,-1,-1,-1
170,6,533.99,393.42,220.09,452.81,1,-1,-1,-1
171,23,668.53,440.91,204.25,427.18,1,-1,-1,-1
171,15,1050.40,463.36,216.64,375.88,1,-1,-1,-1
171,8,670.83,544.46,131.21,261.81,1,-1,-1,-1
171,7,911.44,444.57,191.56,422.34,1,-1,-1,-1
171,6,535.02,390.43,215.83,455.66,1,-1,-1,-1
171,3,816.09,462.13,162.14,362.39,1,-1,-1,-1
172,15,1042.23,459.21,186.28,383.06,1,-1,-1,-1
172,7,935.73,449.65,169.00,412.68,1,-1,-1,-1
172,6,526.59,404.53,229.58,437.60,1,-1,-1,-1
172,4,747.46,460.88,161.75,364.02,1,-1,-1,-1
172,3,815.57,459.33,165.59,363.47,1,-1,-1,-1
173,15,1045.69,462.22,179.82,381.64,1,-1,-1,-1
173,7,947.88,466.21,156.68,396.34,1,-1,-1,-1
173,6,528.28,445.62,169.28,382.61,1,-1,-1,-1
173,4,761.01,465.95,149.23,353.48,1,-1,-1,-1
174,23,646.03,442.86,182.60,404.30,1,-1,-1,-1
174,20,817.09,454.80,208.78,405.38,1,-1,-1,-1
174,19,532.80,444.89,217.03,395.22,1,-1,-1,-1
174,15,1034.48,461.26,248.03,380.38,1,-1,-1,-1
174,7,945.19,483.49,149.29,376.41,1,-1,-1,-1
174,6,528.40,448.36,174.01,381.09,1,-1,-1,-1
174,4,766.05,472.85,141.52,343.59,1,-1,-1,-1
175,23,645.66,436.26,185.40,416.04,1,-1,-1,-1
175,20,811.16,458.16,199.68,384.18,1,-1,-1,-1
175,19,533.61,450.11,200.00,387.03,1,-1,-1,-1
175,15,1042.70,460.95,210.60,380.73,1,-1,-1,-1
175,7,949.91,511.78,144.16,316.91,1,-1,-1,-1
175,6,530.38,457.35,164.43,373.04,1,-1,-1,-1
175,4,769.70,470.14,139.94,348.96,1,-1,-1,-1
176,23,652.47,451.44,170.98,394.39,1,-1,-1,-1
176,20,810.89,440.85,193.69,425.25,1,-1,-1,-1
176,19,529.20,458.59,175.43,371.23,1,-1,-1,-1
176,8,609.20,530.84,123.23,298.53,1,-1,-1,-1
176,7,926.18,479.94,171.87,381.82,1,-1,-1,-1
176,6,509.38,439.90,184.48,403.85,1,-1,-1,-1
176,4,768.70,471.14,150.17,347.59,1,-1,-1,-1
177,23,647.94,470.77,152.59,376.67,1,-1,-1,-1
177,20,799.57,446.14,182.09,411.71,1,-1,-1,-1
177,19,525.44,459.71,162.56,366.68,1,-1,-1,-1
177,8,615.32,525.08,115.03,302.34,1,-1,-1,-1
177,4,783.01,449.70,160.02,407.73,1,-1,-1,-1
178,24,1106.76,463.82,157.75,369.26,1,-1,-1,-1
178,23,629.64,459.30,164.85,383.60,1,-1,-1,-1
178,20,801.46,452.33,164.43,408.43,1,-1,-1,-1
178,19,526.30,465.39,165.43,360.74,1,-1,-1,-1
178,17,1008.94,475.20,154.93,365.35,1,-1,-1,-1
178,10,929.26,541.66,126.30,282.71,1,-1,-1,-1
178,8,600.74,533.56,129.61,288.07,1,-1,-1,-1
178,4,781.66,471.35,148.88,357.70,1,-1,-1,-1
179,24,1106.64,464.19,164.52,366.94,1,-1,-1,-1
179,23,618.05,462.48,175.92,381.79,1,-1,-1,-1
179,20,796.61,453.44,162.98,407.11,1,-1,-1,-1
179,19,524.44,464.95,177.27,363.19,1,-1,-1,-1
179,17,1003.85,468.00,161.15,375.65,1,-1,-1,-1
179,10,922.36,538.90,127.63,281.67,1,-1,-1,-1
180,24,1092.75,466.37,183.64,364.23,1,-1,-1,-1
180,23,607.70,462.12,172.39,379.27,1,-1,-1,-1
180,20,762.03,450.15,194.51,411.54,1,-1,-1,-1
180,19,531.83,463.60,171.60,363.91,1,-1,-1,-1
180,17,981.28,449.28,191.17,397.28,1,-1,-1,-1
180,10,895.30,524.81,151.49,294.47,1,-1,-1,-1
181,24,1079.30,472.16,184.71,364.29,1,-1,-1,-1
181,23,605.41,471.08,172.93,368.38,1,-1,-1,-1
181,20,739.76,441.55,213.43,420.16,1,-1,-1,-1
181,19,542.23,476.83,155.81,351.60,1,-1,-1,-1
181,17,985.99,461.48,163.76,388.17,1,-1,-1,-1
181,10,908.86,530.39,136.17,292.30,1,-1,-1,-1
182,24,1077.12,483.16,184.16,351.18,1,-1,-1,-1
182,23,603.41,480.40,172.31,354.98,1,-1,-1,-1
182,20,736.54,458.81,203.81,401.30,1,-1,-1,-1
182,19,562.47,489.72,133.96,335.25,1,-1,-1,-1
182,17,980.16,460.38,167.82,388.37,1,-1,-1,-1
183,24,1067.89,492.28,179.06,339.25,1,-1,-1,-1
183,23,571.73,481.52,200.40,353.71,1,-1,-1,-1
183,20,730.87,459.59,187.56,398.21,1,-1,-1,-1
183,19,561.76,484.53,135.49,335.05,1,-1,-1,-1
183,17,953.02,454.64,185.43,394.55,1,-1,-1,-1
183,3,827.02,506.03,141.23,344.73,1,-1,-1,-1
